album_id,artist_id
"""3tpJtzZm4Urb0n2ITN5mwF""","""0LyfQWJT6nXafLPZqxe9Of"""
"""7pSmOdR07xSmTJBcwKKF0v""","""7fIvjotigTGWqjIz6EP1i4"""
"""2Q5MwpTmtjscaS34mJFXQQ""","""22bE4uQ6baNwSHPVcDxLCe"""
"""6DODxzDGUinwQpWem6HvBc""","""1XICntAIOLc3OPozkykv39"""
"""5CFmNamq1ceXn8RFJ9i7p6""","""4b0WsB47XCa9F83BmwQ7WX"""
"""6hBP1ZDOKNjjaPODomhGmN""","""6nKqt1nbSBEq3iUXD1Xgz8"""
"""0PT5m6hwPRrpBwIHVnvbFX""","""3WrFJ7ztbogyGnTHbHJFl2"""
"""5CZ4DbpDx5fLltxSBxSZU1""","""48YxSlb23RAaCd4RyHcV9V"""
"""0QVoYzGd1p8Z3ohEaM0lsc""","""43ZHCT0cAZBISjO8DG9PnE"""
"""7C4vMPQR8KcbZv4e2ZI0lc""","""3RwQ26hR2tJtA8F9p2n7jG"""
"""6cSZPNsr3tMEHo5QrMjk1F""","""3oDbviiivRWhXwIE8hxkVV"""
"""268N6QJQm0WSKVO99vKGjt""","""1RP2UpEaRzkF0Id3JigqD8"""
"""5yQ2c4oT95UQRxV7J9n3gO""","""0LyfQWJT6nXafLPZqxe9Of"""
"""2Bw48A6OMSip5lbQW5CaUg""","""3CgsVtt7tP8iduzkTCfel9"""
"""4aDsONCBMpZ6AAjZctYEYS""","""1rHh0AI30JhKrbzKIFjFNd"""
"""5QzkzMcvCJSk30pQS2mqia""","""71lGEtP9qYXDsSXjfexTqO"""
"""5d5JSnI9P9ADeXR4qcx7xl""","""0XTxadWXVyfB8eTIYOjMYj"""
"""2uTk68gta8bfoIS5cmO7zd""","""4jZOiPysIzYxbDcDEOZmhu"""
"""6TbZXMXvUGFqx3opETEAuW""","""48YxSlb23RAaCd4RyHcV9V"""
"""5Z9hrH7aGLMT9s6lNYx2HH""","""57bUPid8xztkieZfS7OlEV"""
"""5CFmNamq1ceXn8RFJ9i7p6""","""4b0WsB47XCa9F83BmwQ7WX"""
"""6TbZXMXvUGFqx3opETEAuW""","""48YxSlb23RAaCd4RyHcV9V"""
"""2bhcZbOcrAFH69kD3TLFB0""","""7dedWAqd0IKTdCiqiadUrV"""
"""0LMJo3p9QqRjaap3qvlTY6""","""0DAqhikcMKLo2lPADVz2fs"""
"""0pkrqPjeq9K5KD0hFqAKNa""","""1PCZpxHJz7WAMF8EEq8bfc"""
"""0sJFM46QZlwzO4y3dvyJsI""","""0uPfErG0KkEmtYg4y3O7LC"""
"""7ujKaJ1E5N76H4y9hyhTdj""","""5PmZd7YOaUgQwhOja44fmZ"""
"""6TiIQSWfDgwQTg1aycqAsP""","""1T0wRBO0CK0vK8ouUMqEl5"""
"""6smmFpDUzGZnlRCckORkXW""","""6xdkfNRMtBzeu7t4wyum2X"""
"""17dRh7ma3OpZSdmWc5LT1H""","""6etIM3JbzGPxTdfNWWfsVH"""
"""0PT5m6hwPRrpBwIHVnvbFX""","""3WrFJ7ztbogyGnTHbHJFl2"""
"""4cXY2pebOf073jBBH7zoza""","""2s6JabvZdqVQhfOsaxCSFX"""
"""6MjOv3BeIjmht2ymtRih3s""","""7GaxyUddsPok8BuhxN6OUW"""
"""6SuomVwU0WAHkBi1Y3dS68""","""2VkASgJ3IjpMHG5aYXx4t2"""
"""3X36x0GzMLSBO5jo7stzhp""","""4GO3ufZJ7YsEnQ3PiML2Dg"""
"""6hBP1ZDOKNjjaPODomhGmN""","""6nKqt1nbSBEq3iUXD1Xgz8"""
"""5Z9hrH7aGLMT9s6lNYx2HH""","""57bUPid8xztkieZfS7OlEV"""
"""1RHPDIiqVdvY2zIyWJF9IH""","""0LyfQWJT6nXafLPZqxe9Of"""
"""2SMBIc9VqCmLvWAd9srlSx""","""2iIn8H3l2NNBNHFpYKWbfo"""
"""5hrRtvlJL4JBUX5dIrwT1b""","""4nZN9kln8toEzOifhWG2uF"""
"""6YabPKtZAjxwyWbuO9p4ZD""","""74ASZWbe4lXaubB36ztrGX"""
"""3y2gHDcfKpQG21SutK6ErH""","""0LyfQWJT6nXafLPZqxe9Of"""
"""2xjQOixp5YLkhVDcAh8MY0""","""3UmBeGyNwr4iDWi1vTxWi8"""
"""5CFmNamq1ceXn8RFJ9i7p6""","""4b0WsB47XCa9F83BmwQ7WX"""
"""5NjUJmfbCRtZQlWBongnT4""","""3TiISqKS6ESlMQ4WFfZJw2"""
,
"""62UmCTr69BJK8zHNH67KX5""","""0YJh7LL1SsLgWfSXjIFbfg"""
"""0lYmtEuL0fLXPP4XKr5O8K""","""2lxX1ivRYp26soIavdG9bX"""
"""13f845bYjx8MUVF2bl1uJ0""","""3oDbviiivRWhXwIE8hxkVV"""
"""0sz0hfcCIwoWkI9BEuf9rR""","""5BcZ22XONcRoLhTbZRuME1"""
"""1Z93NZrfSuKN9M02WWfJL3""","""090VebphoycdEyH165iMqc"""
"""0Bf7v7RTkbrXDgs3T2SWh7""","""4WFTfNjxQYskBioYk39r9n"""
"""0eZRwn50QC0Xto4rjeuKPz""","""4GxVmha4ELBwUE4bPyChzS"""
"""6rCs7j80iLCMuLu1rbeBiS""","""5UloVKzUNJcjORzhhTWWiJ"""
"""1vANZV20H5B4Fk6yf7Ot9a""","""3WrFJ7ztbogyGnTHbHJFl2"""
"""3qWJ6R8Wg3PPCAOToluwPJ""","""4DQj1q0unpi9KF8jO1Wqks"""
"""55lhlnI7fiThAonEWFpNub""","""7GYdSOyUNp70L6kXepVAzJ"""
"""0iv3gV69jA1YY2H0UTy9yF""","""0LyfQWJT6nXafLPZqxe9Of"""
"""5d5JSnI9P9ADeXR4qcx7xl""","""0XTxadWXVyfB8eTIYOjMYj"""
"""5JzAXMEtvBUC4qctJtwzhk""","""1SQRv42e4PjEYfPhS0Tk9E"""
"""5d5JSnI9P9ADeXR4qcx7xl""","""0XTxadWXVyfB8eTIYOjMYj"""
"""0fT3ySwzj1bPUWINB07MoI""","""1SQRv42e4PjEYfPhS0Tk9E"""
"""0JcF7Vp8G9DDARCdlctQaV""","""0iVed2Qu7dmL0pIYCj1Xw8"""
"""6TiIQSWfDgwQTg1aycqAsP""","""1T0wRBO0CK0vK8ouUMqEl5"""
"""11H6HAyk5ZYXSvXmMPcBjQ""","""3A2UXqQgMDJ3YNvLPyX5NW"""
"""4jiO2jRz7g50ESvYYKsKwZ""","""6hnWRPzGGKiapVX1UCdEAC"""
"""2J8KUXkfZq1VB4QXKYaU0X""","""48YxSlb23RAaCd4RyHcV9V"""
"""14OEmDXhqzdnBEA9fpXGSq""","""1Pe5hlKMCTULjosqZ6KanP"""
"""0lYmtEuL0fLXPP4XKr5O8K""","""2lxX1ivRYp26soIavdG9bX"""
"""7KBVP5qrxpkgQqdi3LBRTO""","""4QmkLL9JOqM9dusHS1Hghe"""
"""4ZUX1l4ovBWA6Sbcgf4Kzf""","""34Ym7wEA9olyXIQ5eRAZjq"""
"""6P7fxmps0S4g5EgxQk9wQu""","""71lGEtP9qYXDsSXjfexTqO"""
"""4cOmonGdWQvqlspEm5M2Ry""","""2VIoWte1HPDbZ2WqHd2La7"""
"""0ttvz9n7vBPaMWpRplAZbs""","""2jgPkn6LuUazBoBk6vvjh5"""
"""2Eabt9Pi7zWreJJxcNkIw6""","""6lHC2EQMEMZiEmSfFloarn"""
"""2Ta8HF3UYsHmHQ7BfUKc5m""","""26LmRGHptm85F27BZwOSt7"""
"""5n3yhXw0DNTRIpSfRE98tT""","""0LyfQWJT6nXafLPZqxe9Of"""
"""3k6u76lSaKt4FrxSphXPRj""","""6TKOZZDd5uV5KnyC5G4MUt"""
"""0u0RtnUnKXRsc0wiD6q6Ck""","""4cPHsZM98sKzmV26wlwD2W"""
"""0eJIif0B4cSKvclbgpgg41""","""5UloVKzUNJcjORzhhTWWiJ"""
"""0X7zSX47ZpZa5xlDS86a4x""","""5gPEo032lzARtzuVqJIm9o"""
"""2Eabt9Pi7zWreJJxcNkIw6""","""6lHC2EQMEMZiEmSfFloarn"""
"""7pSmOdR07xSmTJBcwKKF0v""","""7fIvjotigTGWqjIz6EP1i4"""
"""7GyCInPcS17DR5hJcoPcVT""","""0LyfQWJT6nXafLPZqxe9Of"""
"""25CUJO08rkvZV9rIIP4L4B""","""5TbXjzD8tYgMD5JU2g2F8q"""
"""3GoBNqjGtsJ8jnwp1PfKby""","""3ICflSq6ZgYAIrm2CTkfVP"""
"""3qWJ6R8Wg3PPCAOToluwPJ""","""4DQj1q0unpi9KF8jO1Wqks"""
"""2Q5MwpTmtjscaS34mJFXQQ""","""22bE4uQ6baNwSHPVcDxLCe"""
"""5bx2ZHa0KUDMD5T0r9V030""","""7CCn4PFRRRZF127jtCBAUe"""
"""3hvs3eByEMXdombyMxt4t8""","""72OaDtakiy6yFqkt4TsiFt"""
"""0WqXHjmlZ7VnWdx6VWBhxu""","""3PF1KBeHYb14yKgsiE693V"""
"""1NnmPhfPVSpqCqP6iJ30Vc""","""4NMkJqM1SsQP3gk81cqk6K"""
"""3k6u76lSaKt4FrxSphXPRj""","""6TKOZZDd5uV5KnyC5G4MUt"""
"""5yzgzivi3L7IK2VNdYgmlk""","""4ui9JwXE5MHylLzpsoiEhr"""
"""1pY5yYIU9DNm9GTFhCyMTt""","""5wKpYtFnMb1OgGxuJsmrPY"""
"""0wO6YoOaFOXKatKb9n20IX""","""6eVCRmRG2HcfL4yx77A9WK"""
"""1k8XUyl8B83dBEIsdPPb5U""","""3lcfZLW21dTfmTLBmae1eR"""
"""05wRON6KWMYqj8Mu2hcsFb""","""0LyfQWJT6nXafLPZqxe9Of"""
"""2g6zIUb6GvP0k5KtLpWOEQ""","""0LyfQWJT6nXafLPZqxe9Of"""
"""1kYeM6oy6I8tK7668jM7Hw""","""3koiLjNrgRTNbOwViDipeA"""
,
"""0gC39hx2OS9rA9hSItx217""","""2kuNswDC82PL9xRbfaZJaS"""
"""5CFmNamq1ceXn8RFJ9i7p6""","""4b0WsB47XCa9F83BmwQ7WX"""
"""58n69WLzYQ48hLnGlwJNDE""","""5UloVKzUNJcjORzhhTWWiJ"""
,
"""1q1LuLo92N5cl5e0GKRq7h""","""320EPCSEezHt1rtbfwH6Ck"""
"""76oMr4Y2pOtcrvZLc2ZikF""","""1bs7HoMkSyQwcobCpE9KpN"""
"""5u4oZQY6eYzH7ZpydPoUN3""","""57bUPid8xztkieZfS7OlEV"""
"""33kKQOAwlGVHTDDrfAtDbS""","""3TiISqKS6ESlMQ4WFfZJw2"""
"""76oMr4Y2pOtcrvZLc2ZikF""","""1bs7HoMkSyQwcobCpE9KpN"""
"""3enoBBhSA6i2pXEP8rjAWY""","""7CCn4PFRRRZF127jtCBAUe"""
"""2MEhuAU7HJA29kCBJcVcFv""","""55CCS64lPz88twUDVquU1u"""
"""62FTy4WqUxi3paBlxOhh4M""","""3IZrrNonYELubLPJmqOci2"""
"""0df3JoBq9n1DURqe8H3Qq9""","""0hF0PwB04hnXfYMiZWfJzy"""
"""1kyb5tomEXcA106V57puFW""","""1Mxqyy3pSjf8kZZL4QVxS0"""
"""7vEJAtP3KgKSpOHVgwm3Eh""","""3WrFJ7ztbogyGnTHbHJFl2"""
"""2ZhMMZobSh6Pkkv8EK82Fp""","""5g2n2H9ndqvejERtwZ1rHh"""
"""2rQF2EUdMIWql33I4YJMcN""","""0LyfQWJT6nXafLPZqxe9Of"""
"""41ZlNC1lzHGUyI558jhWNd""","""01hRNr3yF5bYnPq4wZ88iI"""
"""0lj5tDBUt1i1b1Llobu23M""","""3rRmDmzPcAFwcUDvG5gBqO"""
"""72qrnM4yUNMDDlWiqKc8iY""","""22bE4uQ6baNwSHPVcDxLCe"""
"""4pvPAWiVRHdnVXkOt49sKk""","""6nKqt1nbSBEq3iUXD1Xgz8"""
"""2ZVgfQF9ljaMugBwVJMoM8""","""0LyfQWJT6nXafLPZqxe9Of"""
"""1pcRrY8NNtgnSdpWZfRdc0""","""57xdnSVt4ahJCIXYLieQ25"""
"""6VyJ0GRhy0rRdmKP7rVuZu""","""0LyfQWJT6nXafLPZqxe9Of"""
"""2ULhVPvdhT7RREnqRWM06G""","""6vLlQYujOujIrm7zAKzEdG"""
"""6pJkF95sYsVg3FJtTvTuEG""","""2uNpV18izVIP7DNusoWbT5"""
"""7vEJAtP3KgKSpOHVgwm3Eh""","""3WrFJ7ztbogyGnTHbHJFl2"""
"""4LJ3eQxjZoUMkPEyQn8uA7""","""5ojumrbWWohLIuzArVoyDs"""
"""5BrLn546krr08d9UvOj73k""","""57bUPid8xztkieZfS7OlEV"""
"""7qZhNNSQt7iyFljem9XfLv""","""05sRO4JdAtJGyZQOTb6kSL"""
,
"""37rNuexqEXWeSIOiJtn3A9""","""3oDbviiivRWhXwIE8hxkVV"""
"""7GyCInPcS17DR5hJcoPcVT""","""0LyfQWJT6nXafLPZqxe9Of"""
"""52uwBxHFIheYUU0ydCL5Hh""","""5zaXYwewAXedKNCff45U5l"""
"""4tunfFO1SffujlRfanDyZI""","""2AYmrUFn1ATSfFSx3B4tvb"""
"""6CiyxMSt0nUWWCg6OJK7gU""","""0LyfQWJT6nXafLPZqxe9Of"""
"""4UTTI52aZrvCeozkd5QTYi""","""4qnb4cn5aykCACoyuCirGg"""
"""5WyS0kooTM6uriZwmXjLLY""","""1QAGLCom3FHTTiuRFsjzOj"""
"""4Tu1drZvE6VDoZNGBtYTVi""","""382aCtCMEd2Rg2DmcU9xw9"""
"""678WzpMIeszIatLVnczSnS""","""7CCn4PFRRRZF127jtCBAUe"""
"""0g7KIFSl7alPYu9prQDD8m""","""5Odrl8RJfCf0km0UaRI4cR"""
"""3AfmsGYKiws10yXVqaJQDt""","""7t4XHvWfj0XtEB8SNFeALw"""
"""3AfmsGYKiws10yXVqaJQDt""","""7t4XHvWfj0XtEB8SNFeALw"""
"""15Tn9yu64pxuvejk5FNAaG""","""6waa8mKu91GjzD4NlONlNJ"""
"""5wtLC8QWMF9tZKVI9cBqcX""","""1qO2mRQM4zbksO586oM0W7"""
"""4vLNcHFT6BDVJCEceb97v9""","""0uUNzXylqsZdmFDwdxaP1V"""
"""3RE8NUULcBzFvVtCmlI4lb""","""3RwQ26hR2tJtA8F9p2n7jG"""
"""5C60jLsdwKJrqhr9f8l8W0""","""4BM6qze88exQPVILQpcYpj"""
"""55vRv2NsC7lwxF1IWJzBSO""","""5W6gs1V54kOPUgBxBLkY1z"""
"""07RAGILF28QweYQSZasr5k""","""70cRZdQywnSFp9pnc2WTCE"""
,
"""5NjUJmfbCRtZQlWBongnT4""","""3TiISqKS6ESlMQ4WFfZJw2"""
"""6aimJxDJMApLmry2VSjsLT""","""70cRZdQywnSFp9pnc2WTCE"""
"""2Eabt9Pi7zWreJJxcNkIw6""","""6lHC2EQMEMZiEmSfFloarn"""
"""5dqFVDJ9lPRBCqEzufd8sF""","""70cRZdQywnSFp9pnc2WTCE"""
"""5bx2ZHa0KUDMD5T0r9V030""","""7CCn4PFRRRZF127jtCBAUe"""
"""35eTfRvKfgDs09XoqzHL89""","""7FlUCXHUxNEOk2exJUiqp1"""
"""0qnHA4SDco9mPuWGzDqVDK""","""7guDJrEfX3qb6FEbdPA5qi"""
"""2aMAvNGDGXOdTqmeSdGyMg""","""72OaDtakiy6yFqkt4TsiFt"""
"""6GphKx2QAPRoVGWE9D7ou8""","""3oDbviiivRWhXwIE8hxkVV"""
"""0aqZJlugIkTUWW1sa4BANp""","""22bE4uQ6baNwSHPVcDxLCe"""
"""1ROIPdrYZPf0SYpVhu1co9""","""6gZVflqhSHhG3MjYrf1dOv"""
"""7Mccdl5xR9mfqo00lgDVDA""","""57WXdjUf5Vlq3klNZegeTP"""
"""4eDlbgJiIPAtUEMSXx3Ca6""","""3RwQ26hR2tJtA8F9p2n7jG"""
,
"""725sLHkKGV9KyeKr4baiEi""","""32HPpJAhgnGPT3V7UOggzi"""
"""0QmqZfc1jkLGwSUgtneqZU""","""0LyfQWJT6nXafLPZqxe9Of"""
"""3DnmM4px8ryUGurwALbCcX""","""0LyfQWJT6nXafLPZqxe9Of"""
"""0u0RtnUnKXRsc0wiD6q6Ck""","""4cPHsZM98sKzmV26wlwD2W"""
"""69McWz1Og4ZOjEeupHfpw7""","""6WtWmLPWn1imbcisSfmBvy"""
"""1RAUCiIplLj3Hix8T5UDE9""","""0LyfQWJT6nXafLPZqxe9Of"""
"""6B0JGDZmuQBmYoIg3Crvc5""","""0EodhzA6yW1bIdD5B4tcmJ"""
"""4LXT51p1VlIIztpcYPTpY7""","""0MponVSpW81oLvJZ53vYZH"""
"""512ipXtdhwJF52NTT2yryo""","""7mEIug7XUlQHikrFxjTWes"""
"""2CQt3vL1SHnqxyZvoPQPUb""","""0En4EEcDMJ5kaUCf1aZ9js"""
"""04ieptHQiy3XLLxGWeoMMD""","""2JSjCHK79gdaiPWdKiNUNp"""
"""2aA0a7jTuOaUdjG9ELNtX2""","""1zJBFCev9UwOMcrZsLi2od"""
"""6cSZPNsr3tMEHo5QrMjk1F""","""3oDbviiivRWhXwIE8hxkVV"""
"""6wXrXe2x2ADL77uOTc74Ai""","""0NRN3tnDVDspHMCfyu2ZwT"""
"""206gQh3Ea4NL1zWMUekxVr""","""57bUPid8xztkieZfS7OlEV"""
"""4NP1rhnsPdYpnyJP0p0k0L""","""74ASZWbe4lXaubB36ztrGX"""
"""6GJ2oQ4v90ylX6WQTobmd5""","""3iBuBivHItWMpdiVmLT0uB"""
"""3R7ZC37Ur3zx40M06RLMMd""","""0N5PyKJzS3M1XNlaCL7bbE"""
,
"""2Eabt9Pi7zWreJJxcNkIw6""","""6lHC2EQMEMZiEmSfFloarn"""
"""4cOmonGdWQvqlspEm5M2Ry""","""2VIoWte1HPDbZ2WqHd2La7"""
"""3vxuVK7HtkyYcfADnNd2lS""","""0LyfQWJT6nXafLPZqxe9Of"""
"""4mtO1j9fDmDwPWp1kGiWFN""","""7ewJCECkpkh56w0Y4VWzSY"""
"""50o7kf2wLwVmOTVYJOTplm""","""3WrFJ7ztbogyGnTHbHJFl2"""
"""6TbZXMXvUGFqx3opETEAuW""","""48YxSlb23RAaCd4RyHcV9V"""
"""5TTu0jZMeVuh9EaCGsatPa""","""36hwOoNPgnsKnhoMBYpJrJ"""
"""5d5JSnI9P9ADeXR4qcx7xl""","""0XTxadWXVyfB8eTIYOjMYj"""
"""65wkUBOfAg2XJqqLTaWThi""","""0QRgfCLzSR9GyCjXboWQTA"""
"""7KEDLBdqvyiV4D2uH9SgbV""","""5XoM6cP8fQykllfuK5V5TR"""
"""3PRoXYsngSwjEQWR5PsHWR""","""3WrFJ7ztbogyGnTHbHJFl2"""
"""4YEtBOzy6Ig4cqIW99aIC3""","""32HPpJAhgnGPT3V7UOggzi"""
"""0VqOfYQxQomNWHAiB9MHm2""","""09L3cUdx0hq6qn5bKuJJ4I"""
"""0lYmtEuL0fLXPP4XKr5O8K""","""2lxX1ivRYp26soIavdG9bX"""
,
"""37J4FeONwmD1Gl3PzvZGv3""","""0jYKX08u1XxmHrl5TdM2QZ"""
"""08mPxuP35Db56jUUgRvGFs""","""3KGQvnOoqUHi3KxKQMZtXr"""
"""05I1EsreLq47JU8pypj7TR""","""4E9w0bms6HcEppFlWjeW2d"""
"""0gC39hx2OS9rA9hSItx217""","""2kuNswDC82PL9xRbfaZJaS"""
"""50zHjIiTOZM232gnWvOydX""","""320EPCSEezHt1rtbfwH6Ck"""
"""1jWmEhn3ggaL6isoyLfwBn""","""22WZ7M8sxp5THdruNY3gXt"""
"""67Evm6gPc9wFSUf1aXOrKO""","""1Mxqyy3pSjf8kZZL4QVxS0"""
"""2pMxs38Y5A0mmHrcu3twvB""","""2VIoWte1HPDbZ2WqHd2La7"""
"""5aQE05ji4wayN65QCZkl0U""","""5X3TuTi9OIsJXMGxPwTKM2"""
"""0csktLKWM0dP828c04tXpl""","""0LyfQWJT6nXafLPZqxe9Of"""
"""1Yh1PJPq98OAmqLpHrCSKp""","""5UloVKzUNJcjORzhhTWWiJ"""
"""6gvl4yoeI4s7y5MbQzfONy""","""01hRNr3yF5bYnPq4wZ88iI"""
"""1LBWNRMsbEWb17KmDD4jfD""","""0LyfQWJT6nXafLPZqxe9Of"""
"""6thSjE17RxW8tJFtLyXA3B""","""7guDJrEfX3qb6FEbdPA5qi"""
"""434hmQ0GM7ynBeMZz5BSQ3""","""5MX2l6ewjOaeWn1lYNhzlO"""
"""5GCaDPj9Jx6TEZChzUacWM""","""0LyfQWJT6nXafLPZqxe9Of"""
"""6dYQhuDC49jXh7YvTtb0oT""","""10TSIJnyUcowWhpjj59gHB"""
"""1AyGkdivbkcwZ67ElYxIFI""","""0LyfQWJT6nXafLPZqxe9Of"""
"""09UEuDX0FZYXtRVYkvDLSA""","""0LyfQWJT6nXafLPZqxe9Of"""
"""0gC39hx2OS9rA9hSItx217""","""2kuNswDC82PL9xRbfaZJaS"""
"""4JkDkkybu20yONywlHABro""","""36eDX6PQlJkjxXUhIINO5w"""
"""2ZVgfQF9ljaMugBwVJMoM8""","""0LyfQWJT6nXafLPZqxe9Of"""
"""5hGwwc1svsrzpCUlnP84F5""","""1nyQBzKgZ2hBLr7PnyV7cI"""
"""36BIYdP4WtviD9Ngqc4SK5""","""22bE4uQ6baNwSHPVcDxLCe"""
"""031Opw10ZrHaGAoKVgyHEA""","""3tM3DTmG7ahfACzwqtazLD"""
"""0iv3gV69jA1YY2H0UTy9yF""","""0LyfQWJT6nXafLPZqxe9Of"""
"""3PkdGRruLnJ9zCtANiDrpB""","""3eskO5m0H4yiF64vRySBjr"""
"""7vCgqJfW4lFgMUFBPPcefa""","""6ohvzFHYmLd05kyYhLui5K"""
"""5OnA6kyXMAxx6SEPPSPcGW""","""57bUPid8xztkieZfS7OlEV"""
"""2BtE7qm1qzM80p9vLSiXkj""","""3WrFJ7ztbogyGnTHbHJFl2"""
"""4upZ5RN2GZaWwYvGYhjjWO""","""17XXKfRBMCWvLrqGoNkJXm"""
"""67Eq3nfl1km9s5ig76Cc8B""","""3koiLjNrgRTNbOwViDipeA"""
"""6lPb7Eoon6QPbscWbMsk6a""","""2qFr8w5sWUITRlzZ9kZotF"""
"""5l0obd98SI7MRd84oZzygi""","""4dNs4gsyisVixgpkjyvD8D"""
"""7dsWupQRlFuhG8FGiQAUjC""","""44NX2ffIYHr6D4n7RaZF7A"""
"""5DBVTohmpLwz4XwUGZNAQZ""","""1Pe5hlKMCTULjosqZ6KanP"""
"""0dN5u2QV1pu1rS1IHrUumK""","""5ojumrbWWohLIuzArVoyDs"""
"""2WcfgOosdw0bN9g9twoA4K""","""0GbqW5TJr7n4is453VOY4C"""
"""0pjXrAIB2gf5rvJodKUJD6""","""4zmxet3ZPdSmL3Xyv1Wegb"""
"""1gwIi79sDQbr3sj7dRtQf2""","""0LyfQWJT6nXafLPZqxe9Of"""
"""4zjzKwovnTwVxg4ckO6YGU""","""0rXI0q8Cahq6numvPlloaq"""
"""15Tn9yu64pxuvejk5FNAaG""","""6waa8mKu91GjzD4NlONlNJ"""
"""4qK4QZUSp8QdoMEm9mrzyA""","""6bOYtKnpLPQSfMpS2ilotK"""
"""6jt0AE3c2ZC5e9TJA2Duo2""","""2JSjCHK79gdaiPWdKiNUNp"""
"""2xChJllpG0ViRikaH3Dy8R""","""0LyfQWJT6nXafLPZqxe9Of"""
"""5HXA9cDdEP0USoHlIFSSOE""","""1iBpJEBrSFXCtPOc5OUZiY"""
"""77VEDrJrgHdCr6Ju3N4AQp""","""1UUYAQ9LiRsZF0ZukQNWXM"""
"""3LP0jc2J6fvhpVTKWzvFUk""","""4o6DE8hZbgTTInaDQDEQVa"""
"""7rDEh3q8XOYbt31qr2Bfq3""","""4ZSzroBNV7HzBDO9aohuF1"""
"""2cHQPNWdtJznAl3u7H4Tso""","""3cVNs5Gq8t5axQAv0jTPXo"""
"""0pjXrAIB2gf5rvJodKUJD6""","""4zmxet3ZPdSmL3Xyv1Wegb"""
"""4pvPAWiVRHdnVXkOt49sKk""","""6nKqt1nbSBEq3iUXD1Xgz8"""
"""1NXxURGbIYbunQfXmChHAl""","""4VnomLtKTm9Ahe1tZfmZju"""
"""6dniagKQXyJnT8VHV0pzKu""","""5g2n2H9ndqvejERtwZ1rHh"""
"""7vEJAtP3KgKSpOHVgwm3Eh""","""3WrFJ7ztbogyGnTHbHJFl2"""
"""1jtY9cEWcI93Ho034ZghwQ""","""3RwQ26hR2tJtA8F9p2n7jG"""
"""3vMmPXoijRRhpE9lPpUyq4""","""7dedWAqd0IKTdCiqiadUrV"""
"""6GCJRGzOAzGELaNmmqQTgP""","""4B7Kwlv6J5QpJ44vB6STUF"""
"""3m1QOZksdlPeoQsdSgCdvc""","""7nwUJBm0HE4ZxD3f5cy5ok"""
"""338yWfNJWW2SXxVfIdczUD""","""320EPCSEezHt1rtbfwH6Ck"""
"""69jB7b6ivLiq2AFNpN97sy""","""08b2PA6eFyugsWAk41eQKZ"""
"""0zR6CIh3f8DFFzIee5AWwp""","""1bs7HoMkSyQwcobCpE9KpN"""
"""5aQE05ji4wayN65QCZkl0U""","""5X3TuTi9OIsJXMGxPwTKM2"""
"""78asX5x3ABHoNNLAcQwuI2""","""6waa8mKu91GjzD4NlONlNJ"""
"""5WSiEiH8BtgVil5xR2pYEX""","""7peASGSN6FkIFQ3XjLfBtB"""
"""2LTIOQBvQt6ubWJQiQSxS9""","""1pJEZXU2hJApJW3rM7LmMu"""
"""55E0BKK84Zv6x5y7j8BGTk""","""0Z4CzYz9ieK8q9XiVMPkW5"""
"""5FuD0MXgLATEsV4lyBbAD0""","""3i9hP422d2KMjaupTzBNVS"""
"""2ZVgfQF9ljaMugBwVJMoM8""","""0LyfQWJT6nXafLPZqxe9Of"""
"""0OdwvuBsC6AXosXb3Y1bC8""","""2IU5UBup85LmAXh5U36DeC"""
"""0R0Q0aVrHGyXNkmm5FcSSF""","""6qI4LTzMRpTxRzMZPvv2C6"""
"""5zXsbUwuTe99vw9E1wkebv""","""2vDV0T8sxx2ENnKXds75e5"""
"""7G9tN6N3In9ygGwvAmDTOO""","""0N5PyKJzS3M1XNlaCL7bbE"""
"""338yWfNJWW2SXxVfIdczUD""","""320EPCSEezHt1rtbfwH6Ck"""
"""5WndWfzGwCkHzAbQXVkg2V""","""7nwUJBm0HE4ZxD3f5cy5ok"""
"""1kUKkxMjMVZRw6yK34l37g""","""57ALvbCBaCkNlgTOSiUPdT"""
"""6eGyI5fsTdfY9aw7FIYGmc""","""7GaxyUddsPok8BuhxN6OUW"""
"""2pMxs38Y5A0mmHrcu3twvB""","""2VIoWte1HPDbZ2WqHd2La7"""
"""2ZVgfQF9ljaMugBwVJMoM8""","""0LyfQWJT6nXafLPZqxe9Of"""
"""7dYc03tSIjcF4dLJGXMS3f""","""1eYhYunlNJlDoQhtYBvPsi"""
"""6lPb7Eoon6QPbscWbMsk6a""","""2qFr8w5sWUITRlzZ9kZotF"""
"""0OsqdLxQpBWI2Fw6Ztxc0D""","""7fIvjotigTGWqjIz6EP1i4"""
"""29eSRaUxXYbOCx7CrgPSCG""","""71lGEtP9qYXDsSXjfexTqO"""
"""66FUaC2xaOHfVL8ku219Wp""","""2ltpcCK86foogli20z9raq"""
"""36Y4KZgeCqBjLWzesBZJq9""","""5c9uFWpZY2MTlk7Rft0tgp"""
"""512ipXtdhwJF52NTT2yryo""","""7mEIug7XUlQHikrFxjTWes"""
"""67Eq3nfl1km9s5ig76Cc8B""","""3koiLjNrgRTNbOwViDipeA"""
"""4FQIAwciZzZJVkXZucOatE""","""0LyfQWJT6nXafLPZqxe9Of"""
"""5u3wzexZI7M5Rlio6M8koU""","""2VL8sLEJ6lHEwocjc1pN9w"""
"""0QmqZfc1jkLGwSUgtneqZU""","""0LyfQWJT6nXafLPZqxe9Of"""
"""14Qo0TZ3M82PC4EFTt39X0""","""6yrBBtqX2gKCHCrZOYBDrB"""
,
"""1k3ldWSHD1BwUVHGiFMhyw""","""1kkpNi8Ii5MhBMxmUhN5g9"""
"""2Ov6zb7NfgDh3EXSIIWrb2""","""320EPCSEezHt1rtbfwH6Ck"""
"""33kKQOAwlGVHTDDrfAtDbS""","""3TiISqKS6ESlMQ4WFfZJw2"""
"""0OuQjb89LiXrs0AiWb6zRZ""","""01hRNr3yF5bYnPq4wZ88iI"""
"""15QRC2FhT659a5YJIS0Nff""","""1T0wRBO0CK0vK8ouUMqEl5"""
"""5jDvKpQwuNQuuv9oURPK54""","""67ea9eGLXYMsO2eYQRui3w"""
"""4pvPAWiVRHdnVXkOt49sKk""","""6nKqt1nbSBEq3iUXD1Xgz8"""
"""5pcMAKVkaN8pVNRhc2dp8J""","""7mEIug7XUlQHikrFxjTWes"""
"""7vEJAtP3KgKSpOHVgwm3Eh""","""3WrFJ7ztbogyGnTHbHJFl2"""
"""6iQAXag0ioZ8VDguSYvyvP""","""5Oj26LEf8jdgR2woWEjlhi"""
"""16QapBbCMXHEekBXfUCiKp""","""5gPEo032lzARtzuVqJIm9o"""
"""03HMOcANauhLD0WNrMkmLU""","""60df5JBRRPcnSpsIMxxwQm"""
"""6dniagKQXyJnT8VHV0pzKu""","""5g2n2H9ndqvejERtwZ1rHh"""
"""6fRqzJT070Kp9RWlSXmKcY""","""74oJ4qxwOZvX6oSsu1DGnw"""
"""1gLr8rpbgu3NHm40y03aKh""","""09L3cUdx0hq6qn5bKuJJ4I"""
"""0hKE6opt70NgTTvD9HJYhg""","""0JBc7Jztn7EdEVjyMCN6Wi"""
"""3bzgbgiytguTDnwzflAZr2""","""70cRZdQywnSFp9pnc2WTCE"""
"""5zsOpnZyZidaZo5KXL0xzr""","""1kupwLFpHALpmhp5qol8xH"""
"""43obe0SQxjP4aFRyyj3QRg""","""3MIwMeYV8vmgQFbbRiJTp2"""
,
"""5X5DaYvnFqc4EatPOYSmnt""","""01hRNr3yF5bYnPq4wZ88iI"""
"""0qZTwrunzX3LG45PvRghmh""","""22WZ7M8sxp5THdruNY3gXt"""
"""15Oqj9h8TSkGsoOKDKjsqA""","""4asCC4oxQcDzFXhCth2SgQ"""
"""0MCVIJcfyN5dvOcPXadY9t""","""3KGQvnOoqUHi3KxKQMZtXr"""
"""3IKQNKxgr0EDzGRFRZ7aa5""","""1UUYAQ9LiRsZF0ZukQNWXM"""
"""35YSmtpQl7AQKr39nMDKD9""","""1b3F5FI7TX4IWTNA4P1kWp"""
"""0OdwvuBsC6AXosXb3Y1bC8""","""2IU5UBup85LmAXh5U36DeC"""
"""2j9rvROPPJGn3xaRztD1rX""","""5m8H6zSadhu1j9Yi04VLqD"""
"""5zXj6vdiMbqMXTL9oCqruD""","""0i0ELbteoVYQDbSNCU3Spz"""
"""0iv3gV69jA1YY2H0UTy9yF""","""0LyfQWJT6nXafLPZqxe9Of"""
"""49xFrN9hXx7DWxddnwvFvq""","""6YPRXu1dazGYcSZv4HJEH4"""
"""5bq7lXvSaFD4xlhb8FQjbM""","""0Ma8KxtvoIDSU5fHtuTS9F"""
"""7GFn8ze0gydX3f0WNMCxaG""","""0LyfQWJT6nXafLPZqxe9Of"""
"""1Tt7kLJ0EC4t8w3D4WyySr""","""6XGJvNG372fPJ2TV2OoN0Z"""
"""4AvEiM6typEe7y7R8Hffzd""","""0rXI0q8Cahq6numvPlloaq"""
"""3G5uBH4LITdtjt8TEarfp2""","""5Ao1vYvPBQUjsfPbPHQPhZ"""
"""3MGdCtzNd66E1JTMJgw8hk""","""5rWKAmlxinr3muqedXVIHa"""
"""2bnmabBUKCqvOgHMMMWCxR""","""5pBljwfwnohfSNDXixEYHm"""
"""64q58AfjSrrX9Egp7Zryw8""","""1WRM9i067hd2ujxxi8FI3m"""
"""4otscgqzgKPQZSdPhiC5fr""","""30q5mqJmdYPaKabPMytzvv"""
"""51glvu0oGf7bfZFJuWt43E""","""17vIaBTHJOVxnU4v7t1DiY"""
"""15Oqj9h8TSkGsoOKDKjsqA""","""4asCC4oxQcDzFXhCth2SgQ"""
"""6S6RXg18OaPgkuhO7brqkf""","""5g2n2H9ndqvejERtwZ1rHh"""
"""23nAP2jFnpEAXEh8fNdZCt""","""6hCsqVHnBo1BVQWuIjRMkL"""
"""0sEeCVO9TTEWCeS6xnD0ZQ""","""0nAVvgfE9yI4DwvMiYwk8a"""
"""1z5SrNEBvLmCnJxe54Thk9""","""6EHdKd4m8DzNf9NhVeJSVI"""
"""7j7IHDXm1vXmDBqQqpzHDz""","""2LpdhgwN0mYKMjnzrBQU8H"""
"""1pcRrY8NNtgnSdpWZfRdc0""","""57xdnSVt4ahJCIXYLieQ25"""
"""4q3lnTndvW7HtO65rbqrLW""","""41Pa9pZzonAEAjBtsP8LRW"""
"""5OxSUascU31jcJ0TlP3xXc""","""2JSjCHK79gdaiPWdKiNUNp"""
"""6ZQGfFKq01ui5TFhdWLi07""","""1XgVoPT2Va5L64LFzskVBW"""
"""7IWPPkijopGVrwWXRbmQKx""","""7lffJlv0nRl0sIsHDmo0SB"""
"""3Yfv3HBjapXSPC1iB8GrET""","""1LewRrFZKW8ktXwW01njJL"""
"""7lEOKZaOpqP70UYqdLPejG""","""7nwUJBm0HE4ZxD3f5cy5ok"""
"""7xqsq9EdxlurNTjMSZTCDg""","""2rUmEpDSHKMhamwClclHs5"""
"""0PNKl7mesKlRgsUqhKwJTA""","""17vIaBTHJOVxnU4v7t1DiY"""
"""2G48XUWFZLEvRvXiswN6Xw""","""7k9JXkYLc9TBFynG860BC3"""
"""5nKpMsduwp5xqCKq2IbSKv""","""22bE4uQ6baNwSHPVcDxLCe"""
"""5UZvF4xIz7lbGwxIW7AcV7""","""30Qh39o424P9qgdHNVouvo"""
"""4BppvR0nLDQ3uh3b3NCu2R""","""7K78lVZ8XzkjfRSI7570FF"""
"""0Kqw8feGAz7zQ7cELaIeBs""","""0LyfQWJT6nXafLPZqxe9Of"""
"""1Vti1D1TXnDwDI33PyCo40""","""3rRmDmzPcAFwcUDvG5gBqO"""
"""6GjmCt1jb9IiOTw106Xa4W""","""4gIdjgLlvgEOz7MexDZzpM"""
"""7ecNoSQ9aRZnxAHwTCpVt9""","""4PI5IHRvANLL76O5gRmGKL"""
"""1i1HqvvJk7zGpNDygYlXQd""","""3koiLjNrgRTNbOwViDipeA"""
"""6MjOv3BeIjmht2ymtRih3s""","""7GaxyUddsPok8BuhxN6OUW"""
"""3LcOOTBvHj22Nl90AuRsro""","""1LZEQNv7sE11VDY3SdxQeN"""
"""7vEJAtP3KgKSpOHVgwm3Eh""","""3WrFJ7ztbogyGnTHbHJFl2"""
"""22fHNsb3nrjDdPoKF7kdPz""","""6vLlQYujOujIrm7zAKzEdG"""
"""2Y5GORWYwVAZ8msuEuh5FN""","""1WRM9i067hd2ujxxi8FI3m"""
"""1AD44MeoSIgCJNcPAFCSCo""","""6Rboxwjnvu3wLcwzhlnaSO"""
"""4OeKMYbIv4ATPruMTMWF5N""","""0wbrRIw2po5DV4LeaHw55S"""
"""7ITysJysDOqsxChv9OBJ2t""","""3EkURHRbSZWjatYLo36NMS"""
"""6TiIQSWfDgwQTg1aycqAsP""","""1T0wRBO0CK0vK8ouUMqEl5"""
"""7tzz8rnJ6tE0Ffw5js7khz""","""7KdxWrkwsSjIxyHL0HNtiv"""
"""4IDa38FYTYlqHFbZM6rb5I""","""2BVYdY4PyfCF9z4NrkhEB2"""
"""23nAP2jFnpEAXEh8fNdZCt""","""6hCsqVHnBo1BVQWuIjRMkL"""
"""0ng4Ps25TGEx9uM4lZgcPA""","""70tMW5bZT3TJUa1CWtfVkq"""
"""5af6GtqG54jA0FbbnX3hvo""","""4ZSzroBNV7HzBDO9aohuF1"""
"""4Ght1Fk0cNfz90vdvua8U2""","""6V92xGMFMr4619y6ZvEUFR"""
"""15Oqj9h8TSkGsoOKDKjsqA""","""4asCC4oxQcDzFXhCth2SgQ"""
,
,
"""1nut3Nd912SzSxWHRCfAUg""","""0tkKwWigaADLYB9HdFCjYo"""
"""3ukG6N2bcBgq2WT8ZbfoVI""","""0vIMq3W8V63uR4Ymgm2pF1"""
"""1cTeNkeINtXiaMLlashAKs""","""3WrFJ7ztbogyGnTHbHJFl2"""
"""15Oqj9h8TSkGsoOKDKjsqA""","""4asCC4oxQcDzFXhCth2SgQ"""
"""155OAoTAYR4Uu0LpSMvy5W""","""2VIoWte1HPDbZ2WqHd2La7"""
"""0zrtTZC7yY2TOEhnbJzSb9""","""74oJ4qxwOZvX6oSsu1DGnw"""
"""1i1HqvvJk7zGpNDygYlXQd""","""3koiLjNrgRTNbOwViDipeA"""
"""5ddRTOEOkDG46WVaGfY3iR""","""4GITZM5LCR2KcdlgEOrNLD"""
"""4Wqtb6on3YBw7N0keue3yD""","""1wonEkTZkBGYq7J4w56yZl"""
"""2PDFVCwfRlyhQx1clrMbli""","""6TKOZZDd5uV5KnyC5G4MUt"""
"""0kEJk4ecWtwLC6wTfdGLCv""","""5v8bwWRbu7AI3YFhzoM6Ha"""
"""5ZFPnWBCasn1DZRGk1Qpdu""","""0OwaxYpG77PWKSLtj1QzG8"""
"""6jt0AE3c2ZC5e9TJA2Duo2""","""2JSjCHK79gdaiPWdKiNUNp"""
,
"""6bkd5GvJlrlQitH1tEBTzD""","""7GaxyUddsPok8BuhxN6OUW"""
"""6mM6GndRZLmyqi5PZ535cR""","""5670CyWrIOA7702gNjsGMZ"""
"""3LWLvOI0pVGK62iKePYNAY""","""0LyfQWJT6nXafLPZqxe9Of"""
"""55HZ2ectg1mMTEKDqIq3kC""","""7nwUJBm0HE4ZxD3f5cy5ok"""
"""3nIxtIMxYqCiD7ZDE0payb""","""7nwUJBm0HE4ZxD3f5cy5ok"""
"""5d5JSnI9P9ADeXR4qcx7xl""","""0XTxadWXVyfB8eTIYOjMYj"""
"""2rogKfOpmCFuqNhtGKf2dX""","""4J69yWrKwWJgjv3DKTZcGo"""
"""7oIftk0P8cViwNpNEdCYl2""","""3IYUhFvPQItj6xySrBmZkd"""
"""2ZVgfQF9ljaMugBwVJMoM8""","""0LyfQWJT6nXafLPZqxe9Of"""
"""0r03ECQw61ESw5YY7Hah1T""","""0U2mUJuJkthantMGmsJygP"""
"""33kW2duJUHtJbsOfEpatQL""","""0U2mUJuJkthantMGmsJygP"""
"""7spOTrIPTM8RrMIAhCjLJi""","""33QmoCkSqADuQEtMCysYLh"""
,
"""2CabyXUOSQqxUaPEw2FrnK""","""3RwQ26hR2tJtA8F9p2n7jG"""
"""0aqZJlugIkTUWW1sa4BANp""","""22bE4uQ6baNwSHPVcDxLCe"""
"""4he7R24eqd1EbF9kegiAK8""","""0LyfQWJT6nXafLPZqxe9Of"""
"""3AfmsGYKiws10yXVqaJQDt""","""7t4XHvWfj0XtEB8SNFeALw"""
"""0UM9SydcBtsklCTFgGLvcT""","""5m8H6zSadhu1j9Yi04VLqD"""
"""6TiIQSWfDgwQTg1aycqAsP""","""1T0wRBO0CK0vK8ouUMqEl5"""
"""0AFXSZYiYyggIkcYW5GK0x""","""4GITZM5LCR2KcdlgEOrNLD"""
"""0OuQjb89LiXrs0AiWb6zRZ""","""01hRNr3yF5bYnPq4wZ88iI"""
"""3EQ412rAdAuGsxADDEarJ4""","""4FAEZeJcsYYBkNq2D3KGTV"""
"""5IL9KRDDd1L4m6f9SKS0yN""","""01hRNr3yF5bYnPq4wZ88iI"""
"""5af6GtqG54jA0FbbnX3hvo""","""4ZSzroBNV7HzBDO9aohuF1"""
"""2A4QaigyufW2Lk3eKOBWG3""","""3koiLjNrgRTNbOwViDipeA"""
"""1qUmcNnG6GBGXw9tLCTJ3V""","""2EExdpjU4SK3xnJHO5paJf"""
"""33g6XzMfn51My8faXHlmRc""","""5I6MzhNEMk27cZsCqGAIYo"""
"""3LPgvdYSDRmaRmZV0KA0Kw""","""2KK4fR5VwOjGzJxjbGxMIu"""
"""3ekkFrfotMsEAKc5g71GHk""","""43ZHCT0cAZBISjO8DG9PnE"""
"""04CGA9H5xjYGnGMB8cLYRv""","""3IYUhFvPQItj6xySrBmZkd"""
"""3MkkgBqBgeQfJjftZMtF4y""","""1rHh0AI30JhKrbzKIFjFNd"""
"""21O10zQ7YrFOTgfyRmopHs""","""53QzNeFpzAaXYnrDBbDrIp"""
"""0qtV1svcPG2MmN9Meo6ZZu""","""7mEIug7XUlQHikrFxjTWes"""
"""5n3yhXw0DNTRIpSfRE98tT""","""0LyfQWJT6nXafLPZqxe9Of"""
"""4DafLlExwUPJ20vHCHrUEI""","""3IYUhFvPQItj6xySrBmZkd"""
,
"""48nQg5aRjshznfUlppTBGL""","""55IyYO6fmYpYw6Nd4YF7bw"""
"""4mGSw7RUWGE7IGawdFGcjA""","""24GaH9tRBgZjlvOhpFuKi2"""
,
"""3LPgvdYSDRmaRmZV0KA0Kw""","""2KK4fR5VwOjGzJxjbGxMIu"""
"""4NNxfgVY5ikAbKArjn4sRC""","""3lzlUccNrekC1oFPCjNIOX"""
"""4DafLlExwUPJ20vHCHrUEI""","""3IYUhFvPQItj6xySrBmZkd"""
"""51DUbu4v2tjYXxgy4I8vrG""","""7guDJrEfX3qb6FEbdPA5qi"""
"""0hQ9bcocveWRrJ0Z2TbEa7""","""4FAEZeJcsYYBkNq2D3KGTV"""
"""62HiTiSOBsGssjsIRkIuNX""","""5Wcc9ojw03wJUXhgkToSD6"""
"""3ekkFrfotMsEAKc5g71GHk""","""43ZHCT0cAZBISjO8DG9PnE"""
"""7KOZivQqRbfrKEsd5Hx9Ir""","""6kACVPfCOnqzgfEF5ryl0x"""
"""3AGszO88qhYdEvhs6pjsHW""","""6TKOZZDd5uV5KnyC5G4MUt"""
"""0r03ECQw61ESw5YY7Hah1T""","""0U2mUJuJkthantMGmsJygP"""
"""7K6JtyaSSVr7HidQsCHun0""","""2jgPkn6LuUazBoBk6vvjh5"""
"""1kVipwgtVNAaHM7Py341Ch""","""1UUYAQ9LiRsZF0ZukQNWXM"""
"""40SHb6KvOdCNlAzsyLpZB5""","""5Rsz3E1aovbqsmLQOxgK2y"""
"""4g2SB9KDxWcVTWkRQqPmbu""","""4958loju8eTBhBFO32oWQ6"""
"""6TgxGo8P5phqn5Xh8CUSSH""","""0LyfQWJT6nXafLPZqxe9Of"""
"""5TZEAFmzvF0PU0ubgWzLI4""","""0cQuYRSzlItquYxsQKDvVc"""
"""4mGSw7RUWGE7IGawdFGcjA""","""24GaH9tRBgZjlvOhpFuKi2"""
"""7kxfDfYncthSbWnXZ6NKFD""","""0iVed2Qu7dmL0pIYCj1Xw8"""
"""5dlq4IV7malpLfG36zMj6T""","""2t0kaaDtGZtmpczIAMaVTQ"""
"""7yXG2CFFJlRN4fwMmel3K5""","""63AapFuocXi92Qj5t2arzC"""
"""75bLu4Ung5QbMdJYxx7wTI""","""22WZ7M8sxp5THdruNY3gXt"""
"""5GCaDPj9Jx6TEZChzUacWM""","""0LyfQWJT6nXafLPZqxe9Of"""
"""1DNtn7Fsu6oxk4rhPktUma""","""1NAWG3AngjBXyKbmPaz92D"""
"""5WBx64FIN04CvM2T1MGrUN""","""74ASZWbe4lXaubB36ztrGX"""
"""4VAPvQJAFVGj23TnytksLy""","""6vLlQYujOujIrm7zAKzEdG"""
"""1Tt7kLJ0EC4t8w3D4WyySr""","""6XGJvNG372fPJ2TV2OoN0Z"""
"""4aNiQplb6HJ0IRjo0ocSHA""","""5jX7X3kRkfJTRqAdT7RcHk"""
"""0LMJo3p9QqRjaap3qvlTY6""","""0DAqhikcMKLo2lPADVz2fs"""
"""0iv3gV69jA1YY2H0UTy9yF""","""0LyfQWJT6nXafLPZqxe9Of"""
,
"""4KmD4CyCqPJMtJqqX2eysq""","""59hLmB5DrdihCYtNeFeW1U"""
"""2ff5EaUj4uhKQdDpHXrqKV""","""5bLcI9Jo6RyrrHzG9veVyn"""
"""0QtzjdxO5CAi9NqpiusEMh""","""7MpUvihmfilIxyN20kXwQj"""
"""2n6YCkZuqOKaJ8urFo2HWw""","""76agLI5oSCFbmZnBqKcBJd"""
"""1992cblEpavtTb6JfPVddi""","""2vDV0T8sxx2ENnKXds75e5"""
"""2WPx5nj9HMH55785deoN4J""","""2JSjCHK79gdaiPWdKiNUNp"""
"""5Ups4qqJu7BegTd8JoOU4M""","""1VePrTOSgCLcaBecBs7i2q"""
"""55bd10FDwRUNDrPFA7X60M""","""1sekXVahMOZVW2BA13Jcib"""
"""5fK1Hyan0dT8Bc2zCgF3Fa""","""0LyfQWJT6nXafLPZqxe9Of"""
"""6lN8o7zj38h5pUZ7fAtfdL""","""7GaxyUddsPok8BuhxN6OUW"""
,
,
"""1rqnrsMo4VxVGpitwAvc2A""","""0LyfQWJT6nXafLPZqxe9Of"""
"""1CMCFRLYr8xqS9upupnSC8""","""3koiLjNrgRTNbOwViDipeA"""
"""1tRXz3Sc9Er8uM6ZUHkiJj""","""3RTzAwFprBqiskp550eSJX"""
"""7hEJKYVPDHnXnoDrQ7gQVU""","""2jERnho8oQwgNotUgr13CT"""
"""5TpsAXSee55qDgPQmdhb9T""","""5HRSYURV6LFFRCjAtiK0py"""
"""1EyIpY9K6LrRUsKb6dNGad""","""5UloVKzUNJcjORzhhTWWiJ"""
"""5M3GlaTkttptrGEX4a01JT""","""6QvgWa4x3Ij4tvBpFMo11P"""
"""4sXOMbQYEX9CMtePwW16pu""","""4tw2Lmn9tTPUv7Gy7mVPI4"""
"""2R66llPPQDEQJLnhBh6D4G""","""7s2L0cftC6UBVVxADuyfwS"""
"""155OAoTAYR4Uu0LpSMvy5W""","""2VIoWte1HPDbZ2WqHd2La7"""
"""0IKfVcR3peT8zm1TfDwntX""","""5UloVKzUNJcjORzhhTWWiJ"""
"""5IjlGKFY636wmz3eqE7V1N""","""0wbrRIw2po5DV4LeaHw55S"""
"""0ETFjACtuP2ADo6LFhL6HN""","""3WrFJ7ztbogyGnTHbHJFl2"""
"""15Oqj9h8TSkGsoOKDKjsqA""","""4asCC4oxQcDzFXhCth2SgQ"""
"""0ETFjACtuP2ADo6LFhL6HN""","""3WrFJ7ztbogyGnTHbHJFl2"""
"""0mnZhL4hkaGyIckwOZ6dgE""","""485uL27bPomh29R4JmQehQ"""
"""7tZt4EApjs2MSzt0OJ1vaT""","""0rXI0q8Cahq6numvPlloaq"""
"""3ocIMWOUAdfgk0PZhFyFcM""","""3koiLjNrgRTNbOwViDipeA"""
"""1NGJhjnAkhHfCBq352rhnP""","""7bp2mrTNmrjp69DS3EKL4K"""
"""0p1bfl4ORw0cgfYxxogc0M""","""2vDV0T8sxx2ENnKXds75e5"""
"""2aA0a7jTuOaUdjG9ELNtX2""","""1zJBFCev9UwOMcrZsLi2od"""
"""0iv3gV69jA1YY2H0UTy9yF""","""0LyfQWJT6nXafLPZqxe9Of"""
"""4ZIuHLkXVaiAcEaMWzTKcF""","""0lEzfSVcNRLDUKdI7fBDD3"""
"""6TiIQSWfDgwQTg1aycqAsP""","""1T0wRBO0CK0vK8ouUMqEl5"""
"""725sLHkKGV9KyeKr4baiEi""","""32HPpJAhgnGPT3V7UOggzi"""
"""5i8Xr8PFPOHqZbnj0nmKQu""","""0cQuYRSzlItquYxsQKDvVc"""
"""6zNQLtbM3SsGh1QHbKo1Yi""","""3FZn8Z2B7mfaSOU8NE62KR"""
"""02UT6tTcqWjnyPwFZrupKb""","""3KGQvnOoqUHi3KxKQMZtXr"""
"""55gKl4kSocinFGzFDZARzL""","""0uUNzXylqsZdmFDwdxaP1V"""
"""02UT6tTcqWjnyPwFZrupKb""","""3KGQvnOoqUHi3KxKQMZtXr"""
"""0JwHz5SSvpYWuuCNbtYZoV""","""70cRZdQywnSFp9pnc2WTCE"""
"""12W640dvidMRkzymxpCdAb""","""1eEfMU2AhEo7XnKgL7c304"""
"""4Z3eBMaRmWCbTguaeiYUjV""","""0cQuYRSzlItquYxsQKDvVc"""
"""7lU97qE3TN6fmF2f6ncoel""","""0uUNzXylqsZdmFDwdxaP1V"""
"""1uQUjWpTiZ5jEPYzkj6xtz""","""1B8AXU6gIIafpyLEpbcv1u"""
"""2fRnRS1s58KLndlxOi8c36""","""3MdG05syQeRYPPcClLaUGl"""
"""5d6X8oegJmu9XKn9UBAswG""","""2iE18Oxc8YSumAU232n4rW"""
"""6VyJ0GRhy0rRdmKP7rVuZu""","""0LyfQWJT6nXafLPZqxe9Of"""
"""0jTGHV5xqHPvEcwL8f6YU5""","""3WrFJ7ztbogyGnTHbHJFl2"""
"""5sT0sPtAWQlTm8QhKSXQI4""","""0701Axu6yvUIoctaKMbDIZ"""
"""0hQ9bcocveWRrJ0Z2TbEa7""","""4FAEZeJcsYYBkNq2D3KGTV"""
"""1NIuhPBRDEYhm9wt3t2jNx""","""7MpUvihmfilIxyN20kXwQj"""
"""27PnJozrSZByyLlqFtiVtx""","""70ZTdbPEcEugBNay4MvxfL"""
"""1zIYkabmjvLqvayckAYBfC""","""0LyfQWJT6nXafLPZqxe9Of"""
"""0EwhxzV0N61hu3S3PkB2Ku""","""2iE18Oxc8YSumAU232n4rW"""
"""3btVhknqDeGAEd1Qj7lL57""","""2iE18Oxc8YSumAU232n4rW"""
"""0WGnkp386fyXfTvKwTIVRO""","""7mEIug7XUlQHikrFxjTWes"""
"""3SZtvt7lV1H4YN9tKVURJR""","""6PNZ6ZfwWLiUA2BrranFl3"""
"""0UM9SydcBtsklCTFgGLvcT""","""5m8H6zSadhu1j9Yi04VLqD"""
"""6HeXDX3B46Utsd0hL7nBUG""","""3miNucraVWk4hdVsIxn7id"""
,
"""52LfK1ML8u7Xj1ArC8oC22""","""0LyfQWJT6nXafLPZqxe9Of"""
"""0d0QHnq1JlNiBTQhC1eKRS""","""6sOP8RUFR0q0nBOBOXGdBK"""
"""65ewkygP43AkWkaD2R6wy3""","""6TKOZZDd5uV5KnyC5G4MUt"""
,
"""1kdVlciTSmHS99qfBqfElE""","""0XawOhZ28ajmIWwPpRJuDA"""
"""1ydlm89JR8cV8VuSaNvHNL""","""2e53aHBQdCMKWqHDuyJsjC"""
"""7ioDs7ZLvqeYLD1SVFeWci""","""2iE18Oxc8YSumAU232n4rW"""
"""5D7xgDSUtkul8bFBrUBZOV""","""5Rsz3E1aovbqsmLQOxgK2y"""
,
"""5157OsVqMlDL6xDN3RiIoc""","""7guDJrEfX3qb6FEbdPA5qi"""
"""4CJgJeBIw5kZ3m6Knatjaz""","""3qP1yR7s0FAKMjEw99p6wE"""
"""2vbAImlNuDjPBMdU6T1oRQ""","""5WimOFbBnCU5wI6t5PPpEk"""
"""1Og869cgT2qBmDw84KeUvk""","""4x1nvY2FN8jxqAFA0DA02H"""
"""2AcHC18egTq63cyBagwINA""","""7lffJlv0nRl0sIsHDmo0SB"""
"""4GLxEXWI3JiRKp6H7bfTIK""","""3IYUhFvPQItj6xySrBmZkd"""
"""5rEchSYf1EpZ0CxmwnRwKx""","""2ttm3uT0N1RN7vwKv1pQgh"""
"""4sXOMbQYEX9CMtePwW16pu""","""4tw2Lmn9tTPUv7Gy7mVPI4"""
"""7aIRBttiOiarMG2418WssQ""","""19KsPOZRHLv7RZbLiKpqbH"""
"""1zIYkabmjvLqvayckAYBfC""","""0LyfQWJT6nXafLPZqxe9Of"""
"""0jTGHV5xqHPvEcwL8f6YU5""","""3WrFJ7ztbogyGnTHbHJFl2"""
"""1VTWCkA6n7QtJefDSlPC2F""","""7d7q5Y1p2QWS4QRAhTQR5E"""
"""11Hpnvy74bKzfdKwoNh0vy""","""0LyfQWJT6nXafLPZqxe9Of"""
"""7Ab7hqMWNwYcUGCrltzX8r""","""4hLuzWVCPicO3nNHfFvB32"""
"""5PTatjvMg80W9nhSWrhU7d""","""05aFikcWbrmnDKsCHaH0Ce"""
"""5ourevL93kFzjWH6lIyT42""","""6waa8mKu91GjzD4NlONlNJ"""
"""29S7MpKg2qu9TWdcTQyxUb""","""6sIWmcJRaS1WZe5XPjRf0j"""
"""6uA2hir5o45vrILeqQVTbr""","""4pJCawaKSZ40EnxN0YEYw3"""
"""0JwHz5SSvpYWuuCNbtYZoV""","""70cRZdQywnSFp9pnc2WTCE"""
"""4lUtTWFmEEq1ZZDKijhsvR""","""2t0kaaDtGZtmpczIAMaVTQ"""
"""1Ib7i6dWJatZaCIzABbtZi""","""76agLI5oSCFbmZnBqKcBJd"""
"""4jaLfcNpIrOgcPyXuuiHTi""","""1SQRv42e4PjEYfPhS0Tk9E"""
"""30UgyUTvmdYXNo7CeMabXY""","""2mbvqMGpwLsakeH45p1Jrb"""
"""2mf6jCvDUJG9Jm5hOOkJPH""","""0LyfQWJT6nXafLPZqxe9Of"""
"""2mE465V1hxCpCeaBzzQf1O""","""6eEsIl4wosvhuWI0mfXxAF"""
"""4b2uNKrkA6GkiCSXAJ7xAu""","""5Rsz3E1aovbqsmLQOxgK2y"""
"""5qDWJPnZ9IXMMDBhAFQgq3""","""2t0kaaDtGZtmpczIAMaVTQ"""
,
"""5qWGV0fd7hpdptJYI4G9Dd""","""3iDD7bnsjL9J4fO298r0L0"""
"""0kDCVZfxxaxBchXtTHqSJf""","""0K24Tk5QTxx6tkcCdnY3Od"""
"""0PRgsdDXQ8QPaDUetVF7yN""","""3iDD7bnsjL9J4fO298r0L0"""
"""1zIYkabmjvLqvayckAYBfC""","""0LyfQWJT6nXafLPZqxe9Of"""
"""4gB1JuIazWrCyeV8i5D5Vs""","""2KK4fR5VwOjGzJxjbGxMIu"""
,
"""12W640dvidMRkzymxpCdAb""","""1eEfMU2AhEo7XnKgL7c304"""
"""68uYwNwxQ3jfPSCAnWeIkA""","""7kEOMdsEmZkTHgA4ibDz4h"""
"""2NEQ5Q4sBbUHVVx3Wf8TEZ""","""0vn7UBvSQECKJm2817Yf1P"""
"""6DRNAOA2T2T6JMF7oOt8qK""","""1E85wRssrgXOMUgmBOlpw6"""
"""2hQwyoPiM1G9iLWkXqC2Hu""","""6GI52t8N5F02MxU0g5U69P"""
"""5TZEAFmzvF0PU0ubgWzLI4""","""0cQuYRSzlItquYxsQKDvVc"""
"""6Ie6D0KslXxrbkOAr5sbyX""","""6YPRXu1dazGYcSZv4HJEH4"""
"""6oWz2hJ89n9mKarg3SO9ou""","""43ZHCT0cAZBISjO8DG9PnE"""
"""4GLxEXWI3JiRKp6H7bfTIK""","""3IYUhFvPQItj6xySrBmZkd"""
"""7JaCp8SlZ2DJcORtBnwmWT""","""3UxJwjLkGvAlRi7NbYekGI"""
"""5JgJYD44l5IXg0rZW0ixGp""","""0uUNzXylqsZdmFDwdxaP1V"""
"""1YtoIFW84QtpYVlkOR8xTe""","""5fbhwqYYh4YwUoEs582mq5"""
"""5pVffpSDVlqPRADnKRmSRE""","""0LyfQWJT6nXafLPZqxe9Of"""
"""2tWvZmP9EVRYqmWyJPLzjP""","""7LCp4MN0SOIVWlssid9KyE"""
"""3mJImzBRGl3p7KVVJ4Ckv7""","""1ZikppG9dPedbIgMfnfx8k"""
"""7tNkiYXv3W2Sv132IuL6zH""","""3pFCERyEiP5xeN2EsPXhjI"""
"""1w8NTmn2OP6z5liXLqf2Ac""","""0uBrmlGaTI6nSg4JpVC1VR"""
"""2mf6jCvDUJG9Jm5hOOkJPH""","""0LyfQWJT6nXafLPZqxe9Of"""
"""0YtUDtmBOGWAerJN70aCUR""","""0HoeFrrKutiio4HJtXN0Sn"""
,
"""23mdYErK9fS7hxWuFBGUob""","""1Csjn2SQV7R9szDhhR7Aji"""
"""6Oo7W243iYDwjnWzQJaCx9""","""7b8blpDsdFfs5DMMMLBuX0"""
"""5Ld949oBbatChSyUNZZ4b1""","""4O3gjXbRjxfXWvMLgTNPH3"""
"""6EIaI8vnR5OA8GJ6NorxtW""","""57bUPid8xztkieZfS7OlEV"""
"""4GLxEXWI3JiRKp6H7bfTIK""","""3IYUhFvPQItj6xySrBmZkd"""
,
"""2vCyUm42Sb5zIPy6dhSx8F""","""3RwQ26hR2tJtA8F9p2n7jG"""
,
"""6w0jXzRWmmPKkJPYn7c25h""","""0WNQHJ6HeMlIxyjPQ2PrF5"""
"""5bHkK1X4WEOzNvRhehvOcb""","""1CYsQCypByMVgnv17qsSbQ"""
"""1gVMm1XwIz3JC2AHxAovtW""","""2JSjCHK79gdaiPWdKiNUNp"""
"""3j1en95SpAer47QVs32Se6""","""4jrTNltJtTMUfXybDdsHDn"""
"""0qmZUfvicuZdo0QqW1jLp4""","""7s2L0cftC6UBVVxADuyfwS"""
"""1FjjqjCi8StDDQdHY5sGSZ""","""5xLSa7l4IV1gsQfhAMvl0U"""
"""0l7TsPPyUGwsP4Eet33XPq""","""59hLmB5DrdihCYtNeFeW1U"""
"""5TGmpcEuZsVIoxDWnJIan5""","""7nwUJBm0HE4ZxD3f5cy5ok"""
"""2v8XEhOPoKX7iVWq5mWWBM""","""4FAEZeJcsYYBkNq2D3KGTV"""
,
,
"""6hM44tvEu7vu3saAvOrbR2""","""5fU6lODhpw3GEGGJuaDprR"""
"""2FHiXBmtRn9fuTRyRHWcnV""","""1LZEQNv7sE11VDY3SdxQeN"""
"""5QWmP1uLBMWsQ81Vx5r2vX""","""32HPpJAhgnGPT3V7UOggzi"""
"""3HFku9tiI6QkCyvXfFIaeO""","""5ZEAzHE2TzAwUcOj6jMIgf"""
"""5erROp1lRW31aNxj9PbAUf""","""7EK1bQADBoqbYXnT4Cqv9w"""
"""1w68QsDEt1Rt5SiwOJNGFn""","""3RwQ26hR2tJtA8F9p2n7jG"""
"""6vIn3jynSZ79m9FwOPAygU""","""4o6DE8hZbgTTInaDQDEQVa"""
"""3j7nicLAWXM0Fb08q9XGyf""","""4NgfOZCL9Ml67xzM0xzIvC"""
"""6A2T77SSF5TUglshWSQAiC""","""3dkbV4qihUeMsqN4vBGg93"""
"""2NrVnQOVS7Y3m2nSWKXveB""","""0CXNdUUhv5Cw42dr0wWrjd"""
"""4hbM9j3k5bj13FSheUevuT""","""2tkwWmcZOQPNbbIdknfBsw"""
"""2DO7omBXXS8eGg1TyJ23iW""","""2GFB1Lc67mbqFXTPCM9XzT"""
"""0h8hazllDADHsrSpcQCltk""","""0vn7UBvSQECKJm2817Yf1P"""
"""0p86nom1q9716gzstS4Y5e""","""2Tk0pWxTuQgnE5nsUexrLr"""
"""29m6DinzdaD0OPqWKGyMdz""","""22bE4uQ6baNwSHPVcDxLCe"""
"""6N5fXmu5ZCmwecIw1nDOZy""","""6f07NU6NNMLQYXIABUv7z3"""
"""5WIWeBvI15frohPWZog6RY""","""1EevBGfUh3RSQSGpluxgBm"""
"""3P9Pzn7O4Zsr3tsCSsx7Uk""","""3koiLjNrgRTNbOwViDipeA"""
,
"""6N8uPmDqbgXD3ztkCCfxoo""","""1ThoqLcyIYvZn7iWbj8fsj"""
"""5W6F5tJqFnmmbPV4oJKbbR""","""1GjVNyMzPjdBuip6Xanllu"""
"""6TiIQSWfDgwQTg1aycqAsP""","""1T0wRBO0CK0vK8ouUMqEl5"""
,
,
"""0NoIqI4xsXGOpd4vvBjo7O""","""3kvy8do7n0qVqvlNFS4yOF"""
"""0OdwvuBsC6AXosXb3Y1bC8""","""2IU5UBup85LmAXh5U36DeC"""
"""4P8dsNI8ciQJncyHRiZJUs""","""1eEfMU2AhEo7XnKgL7c304"""
"""4I4xtHaIFOzhZfp1NIHkY6""","""7FIoB5PHdrMZVC3q2HE5MS"""
"""7egSLHjE5DWirS8Ij0SeMY""","""5ZEAzHE2TzAwUcOj6jMIgf"""
"""7Dvl1RajZXM4s9OTd2FJXH""","""2VRbnK7f3SHgZZwNSiRifQ"""
,
"""4P8dsNI8ciQJncyHRiZJUs""","""1eEfMU2AhEo7XnKgL7c304"""
"""7fpp1Q64fGPj0XXXh92ovu""","""0LyfQWJT6nXafLPZqxe9Of"""
"""4P8dsNI8ciQJncyHRiZJUs""","""1eEfMU2AhEo7XnKgL7c304"""
"""6okC12pcFeLZOifXdunuhQ""","""23rleGXVOVVgTk3xgtmfE4"""
"""4NsAwBNLIHDpmlCCGNGzH9""","""72OaDtakiy6yFqkt4TsiFt"""
"""30gDRAWUg1hC8TYAtzr0i9""","""2iE18Oxc8YSumAU232n4rW"""
"""1tRteUaKdLgkhZrQdzUf7m""","""502FY8XQYRxClWgolQ3Hf2"""
"""6G5D6j6dV3wPk3PRXKMvGb""","""7vpRSadEAzLs0ikY7gAESe"""
"""6zjenDV68SpvM3oEhorTDm""","""6DbJi8AcN5ANdtvJcwBSw8"""
"""0RvN3sHtR4ulYyIGrtwgI0""","""7y70dch6JuuuNnwlsOQvwW"""
"""6VRBMd2t0mc6Kmsc0Cw86l""","""0LyfQWJT6nXafLPZqxe9Of"""
"""1smTgNR8x8iq1EkhFyoFT7""","""2W8UTum7bU7ue6m0r14H97"""
"""2cuqP3kLRSgnjDmAN7SHA9""","""4FtSnMlCVxCswABUmdhwpm"""
"""2oV8OJKtyGR7MwXH45rOoE""","""7guDJrEfX3qb6FEbdPA5qi"""
"""6OxXVtZwExAmdrUIG2afFf""","""7nwUJBm0HE4ZxD3f5cy5ok"""
"""3pDoYPmWZOKa2fabrXVpaB""","""0Sq7oGrYEe0BDmb13wgjOO"""
,
"""6OxXVtZwExAmdrUIG2afFf""","""7nwUJBm0HE4ZxD3f5cy5ok"""
"""0BX46gm7cwfCmh2Yi1MvoZ""","""7u1mqP3ykglpCB2c1p1p5I"""
"""5IL9KRDDd1L4m6f9SKS0yN""","""01hRNr3yF5bYnPq4wZ88iI"""
"""2UCdfQEDgzWtbzpaD4Mo47""","""1ZikppG9dPedbIgMfnfx8k"""
,
"""5AbpmSckpN3SdmCIjX8Fhx""","""66akX7UszLtTZqTTdcFvBL"""
"""2K6Bd8ZHMkUNbsFQyTQEJr""","""5UloVKzUNJcjORzhhTWWiJ"""
"""5FXBEje9MaN8rSPODQaXAL""","""1sldhz8tzC100cRAdfnMht"""
,
"""27PnJozrSZByyLlqFtiVtx""","""70ZTdbPEcEugBNay4MvxfL"""
"""3P9Pzn7O4Zsr3tsCSsx7Uk""","""3koiLjNrgRTNbOwViDipeA"""
"""2tDeUcPDMSgjba9ZlZcG6K""","""4bx9rfUR9C0H26TEiVCwdi"""
,
"""26ZfvZW98KNyWzthJzOj65""","""0701Axu6yvUIoctaKMbDIZ"""
"""1ZGgORimJho0JHlz7slLpb""","""6eEsIl4wosvhuWI0mfXxAF"""
,
,
"""7nf5ECkHbmO8vB6IXSrXx4""","""4FAEZeJcsYYBkNq2D3KGTV"""
,
"""5pVffpSDVlqPRADnKRmSRE""","""0LyfQWJT6nXafLPZqxe9Of"""
"""3iZ02t8Wkhp51QxieO0ErJ""","""4sj6D0zlMOl25nprDJBiU9"""
"""25Vt8FvZBx4BsSJWEsF7sJ""","""08F3Y3SctIlsOEmKd6dnH8"""
"""0NoIqI4xsXGOpd4vvBjo7O""","""3kvy8do7n0qVqvlNFS4yOF"""
"""5fJsTg0cTsTvz081gSTPsj""","""5dS6VBacLLPyLDAfK3B0OR"""
,
"""6omfXjVxM6zIroFzyHjNkY""","""03PCdNvkF81s7xHmtkNcoz"""
"""0X7zSX47ZpZa5xlDS86a4x""","""5gPEo032lzARtzuVqJIm9o"""
"""01vhmlMrqA4gugV8t0zP0H""","""7aLNBjOlzOCyuFmytbbeYM"""
"""2ey4NEI46WsFWtlyy2fglR""","""5yzE49FicYiSxN61oaxkNn"""
"""31Yd33yBXVXa5HtDAguhYt""","""65Gh3BfK84aTIugiRCgLBA"""
"""18zV19LWwZ3mBcTO2IG5qc""","""1LZEQNv7sE11VDY3SdxQeN"""
"""3fCrHxhyBJAOwsC88DFsNE""","""4GpIeE34rBNFppvYsWle9c"""
"""53PBYiedQrASAs5sy63JqT""","""67ea9eGLXYMsO2eYQRui3w"""
"""03TYvSXimtWZMxhHUjDBzd""","""0GVO1kqJHVxOarPgex9K15"""
"""5d6X8oegJmu9XKn9UBAswG""","""2iE18Oxc8YSumAU232n4rW"""
"""0STC3yef2oMFvjblpjCbRq""","""0EpHh7UzaxKzcYps38j92E"""
"""0BX46gm7cwfCmh2Yi1MvoZ""","""7u1mqP3ykglpCB2c1p1p5I"""
"""5HAXYSqdNjjbvoFrXwtrBw""","""3IKV7o6WPphDB7cCWXaG3E"""
"""1fSjtqjBKoLfNFZsKFApxA""","""0TF2NxkJZPQoX1H53rEFM1"""
,
"""4GJ9CUWu3Qw91OOVfEx2Dv""","""334sqEgtWfVNKL8HEQIt7Y"""
"""1tXKFPGHTVOAWjahKxacXH""","""0N5PyKJzS3M1XNlaCL7bbE"""
"""7IKUTIc9UWuVngyGPtqNHS""","""22WZ7M8sxp5THdruNY3gXt"""
"""5W2hT3ooeITFHAGaLap3v2""","""4Qk0lWGeXydDvfrDufDQ9p"""
"""1zIYkabmjvLqvayckAYBfC""","""0LyfQWJT6nXafLPZqxe9Of"""
"""1NcdC2bNs9h7Tun9Hz1anH""","""7knQlwjtPZ9VP98f5XXhhn"""
"""3IKQNKxgr0EDzGRFRZ7aa5""","""1UUYAQ9LiRsZF0ZukQNWXM"""
"""7IKUTIc9UWuVngyGPtqNHS""","""22WZ7M8sxp5THdruNY3gXt"""
,
"""2ARWEOvaUgm4FSj25MpY6F""","""0W498bDDNlJIrYMKXdpLHA"""
"""1INjTJtV8EwpUZF2xgwvAt""","""4HVmeVTQBgvTuvjB1JYwaf"""
"""20Y9wHWIxNFvqplgHmqmUl""","""1gRNBaI4yn6wCCTvRhGWh8"""
"""1tRXz3Sc9Er8uM6ZUHkiJj""","""3RTzAwFprBqiskp550eSJX"""
"""7p7PSnn8XfbfmqDNEAp6Cn""","""1NAWG3AngjBXyKbmPaz92D"""
"""5lPTpJorZZwS5pI9C0socS""","""5TbXjzD8tYgMD5JU2g2F8q"""
"""0sFuW4rH5mFZUjNKnckO3v""","""1ThoqLcyIYvZn7iWbj8fsj"""
"""2xFMzRc1yucPQIk8P0CcxM""","""6HX8AbXUFaYRtlqKb4CCo0"""
"""0d0QHnq1JlNiBTQhC1eKRS""","""6sOP8RUFR0q0nBOBOXGdBK"""
"""1EtOwQweCnao2hy3ShicuE""","""5NX29TmuYrENlpvz6IgYMJ"""
"""58eMx3QrTkiRmGGbSz2XL0""","""3dkbV4qihUeMsqN4vBGg93"""
"""5ThwnbpYrk9R1xXkAGCLIs""","""5jJN1nmKXzRjodMl1THQeI"""
,
"""0PYZG9JeA0QvC2kjAz4sII""","""3dplAkEBq2ujPOBDQFpvEp"""
,
"""3hiwk4q34fJTUJsAzrlNMD""","""5Pek6HAr0BoHD9P1RuA7d5"""
"""2mFcOZBh8JmZdwIiOVeTw7""","""6v8FB84lnmJs434UJf2Mrm"""
"""3xhdEzIX6oUQu2O0EiwWuk""","""2O0Hw1WSMbskB5tD9aWah3"""
"""7tUOJxXojOWdWU2T2ZSge7""","""7xGGqA85UIWX1GoTVM4itC"""
"""3xo2soey9XEBI5DlmT4KlQ""","""3fMbdgg4jU18AjLCKBhRSm"""
"""2uHJD5ZRBSjk0HzJis8BkQ""","""0LyfQWJT6nXafLPZqxe9Of"""
,
"""7rk4fjeq22xXAwhY7XL8yf""","""3ICyfoySNDZqtBVmaBT84I"""
"""6b5osVLAcVTBvnqwDaPV4w""","""6waa8mKu91GjzD4NlONlNJ"""
"""34t3fQgADTqchzm1IkH9t2""","""51RYnAHfrE4xnMomva5kFq"""
"""37n9Egkr4udITqxPb4UdGt""","""7mEIug7XUlQHikrFxjTWes"""
"""0E5IKYhiKgbYQkmfsFonbZ""","""35U9lQaRWSQISxQAB94Meo"""
"""5A8Yx93pjDI0gi8HhmI3v6""","""2vaRrv3i7PDOXPEue24qe5"""
"""6jsWa1n8iL7fJYfMJaWa7K""","""6vuD08WKtmp1yc7kQx1rBm"""
"""28DyBcgHa02YeelSR0u9Up""","""1OzPxKCB5R3MLxvkdGN03X"""
"""3IKQNKxgr0EDzGRFRZ7aa5""","""1UUYAQ9LiRsZF0ZukQNWXM"""
"""1wQJqldAjmo4QgEXx0BTwU""","""5BcZ22XONcRoLhTbZRuME1"""
"""03iBvX63qBQrMazNWU2iKv""","""7Kkx4dACo6kFSeT9wjfVA5"""
"""2DO7omBXXS8eGg1TyJ23iW""","""2GFB1Lc67mbqFXTPCM9XzT"""
"""76ezu9wSbv682sPJF7DGWK""","""38h03gA85YYPeDPd9ER9rT"""
"""6hM44tvEu7vu3saAvOrbR2""","""5fU6lODhpw3GEGGJuaDprR"""
"""6v7ceaQydkdy8oQbZ8oYW0""","""7gyVuJLsatWofXCAw1SGxM"""
"""4oEYZnyz2yqpWjjBcq7xLk""","""0LyfQWJT6nXafLPZqxe9Of"""
"""0BWOueFZKxQrQWNRt20Lvc""","""4pJCawaKSZ40EnxN0YEYw3"""
"""2ei2X6ghPnw7YRwQtAH075""","""3PhoLpVuITZKcymswpck5b"""
"""0F4XW0iBOhNFkbn1BuQ8cu""","""3fMbdgg4jU18AjLCKBhRSm"""
"""1zIYkabmjvLqvayckAYBfC""","""0LyfQWJT6nXafLPZqxe9Of"""
"""23G1EadmluEKg0F5QBOeZr""","""57GVLfjMebK2uiZn3wHUN8"""
"""2B719vL1xtPTwYs0j5BuAo""","""08F3Y3SctIlsOEmKd6dnH8"""
"""1TVGltjpKHMosS4yQ8EmRH""","""0B6QEFtRnneEzb4iqjI0Nw"""
"""76BrDrAEcQhjvXehCVMpWv""","""73sSFVlM6pkweLXE8qw1OS"""
"""2ZdUVurLZBrEphCLzX7MdU""","""0nAVvgfE9yI4DwvMiYwk8a"""
"""3gpHiNAmT5oXVxe6ewTGuN""","""43ZHCT0cAZBISjO8DG9PnE"""
"""4dCm84vJLO30e0fiS3sgPi""","""0PDqlUGugF5Jt6DZyATvfz"""
"""1pho2zDZV5OmT1ssd19ONG""","""46VosWAvtZsBl7rvxufsWG"""
"""4HUntZg0YV0qCvRxmIhq2U""","""0LyfQWJT6nXafLPZqxe9Of"""
"""27PnJozrSZByyLlqFtiVtx""","""70ZTdbPEcEugBNay4MvxfL"""
"""77D1uxVrRokoj0okeHsG4g""","""2W8UTum7bU7ue6m0r14H97"""
"""7hI0QCwcx9GB8MZK24IfTT""","""3dkbV4qihUeMsqN4vBGg93"""
"""7fpp1Q64fGPj0XXXh92ovu""","""0LyfQWJT6nXafLPZqxe9Of"""
"""6k1iylSzWOs7SgavxlJ8kt""","""3dBVyJ7JuOMt4GE9607Qin"""
"""7npBPiCHjPj8PVIGPuHXep""","""2CvCyf1gEVhI0mX6aFXmVI"""
"""2D2sMtTf1Db5bkSRGvWGKB""","""0HU0U9kdXEHZVxUNbuQe8S"""
"""7hI0QCwcx9GB8MZK24IfTT""","""3dkbV4qihUeMsqN4vBGg93"""
"""5iIWnMgvSM8uEBwXKsPcXM""","""2rc78XDH9zuJP6bm78lU8Z"""
"""0k5C3Z7w7uQpyGFQEzl7yB""","""7nwUJBm0HE4ZxD3f5cy5ok"""
"""4NsAwBNLIHDpmlCCGNGzH9""","""72OaDtakiy6yFqkt4TsiFt"""
"""5Kmb6R2nnEPqOiDUA1Bl8F""","""4FAEZeJcsYYBkNq2D3KGTV"""
"""0WmdelW8OCAAsxayYY7vHm""","""2Mhi3jfuRSdbVZPdjqsnnN"""
"""08X9AHDRpTsipGSVfC2UID""","""1eEfMU2AhEo7XnKgL7c304"""
"""20Nyx43Ta7wgLKE45C3twu""","""3RTzAwFprBqiskp550eSJX"""
"""734q754TWafpjmtRaIAQtJ""","""5ZEAzHE2TzAwUcOj6jMIgf"""
"""5STjKsvCHVlSMcUXo8he3T""","""1R6Hx1tJ2VOUyodEpC12xM"""
"""1JW0br7sbL6OMQVtg5inzw""","""4KtaHyqLFlKKb7aghnWBfE"""
"""6PMRzjwAfJBHdei2LBHCeI""","""71lGEtP9qYXDsSXjfexTqO"""
"""5Vh4H5yxqnzIBfCAws53Hb""","""0LyfQWJT6nXafLPZqxe9Of"""
"""5dKJeoxKHmtsm2Wq512dKT""","""4FtSnMlCVxCswABUmdhwpm"""
"""0hQ9bcocveWRrJ0Z2TbEa7""","""4FAEZeJcsYYBkNq2D3KGTV"""
"""3bA7lazF0WlI9qTuO0R5ks""","""69Fk1s1lzINOKqoSWjjEiE"""
"""0zKjnOsXxs63unPR6TWoHq""","""3EhbVgyfGd7HkpsagwL9GS"""
"""2oSXXINsWGuEsc4udgWxh8""","""3iDD7bnsjL9J4fO298r0L0"""
"""6gggIDFEe8tfpJNIva57QP""","""5HRSYURV6LFFRCjAtiK0py"""
"""36qxAJDnXvbjD2UVAkawwZ""","""1ThoqLcyIYvZn7iWbj8fsj"""
"""0ihYToxMgYcuHuxOKjGQKO""","""5m8H6zSadhu1j9Yi04VLqD"""
"""4E4BodrSTbMBbUkc8haEWh""","""7E5taE9LniGvMzEHpiOupV"""
"""7GCljXMi3WChErr3b8xl8R""","""0w7HLMvZOHatWVbAKee1zF"""
"""5QuvlU7nCUZZJauMvhlWR4""","""2AV6XDIs32ofIJhkkDevjm"""
"""704IhtSrhESu4LYwOp11pi""","""5HRSYURV6LFFRCjAtiK0py"""
"""33kW2duJUHtJbsOfEpatQL""","""0U2mUJuJkthantMGmsJygP"""
"""0vbgSdaR4aYqRAcivyXEXx""","""42q4Ivs7tAiCZ5C7eG5q4c"""
"""4IYUN1aQTjsk4m9ozQ8kkp""","""3vEVgsh6o19GprjHAZMgFo"""
"""4qK4QZUSp8QdoMEm9mrzyA""","""6bOYtKnpLPQSfMpS2ilotK"""
"""3fRCOoTbBsOITBWlCRCJQr""","""0Lpr5wXzWLtDWm1SjNbpPb"""
"""2nNqujNu2zymxddXFL29Cm""","""5fgVxnlwlHFhYE2QxuHcWe"""
"""16eTuE4J7gn2NKtMYqIRcx""","""2aOFhgNRFbz7CbjK4zLh4R"""
"""0dZF93WHyOhTWjz5EWM7yG""","""7AC976RDJzL2asmZuz7qil"""
"""0n93YRc9GP3ZgREgTHvP5u""","""5lkiCO9UQ8B23dZ1o0UV4m"""
"""5pWTvnFpKUTY8tMHggs4hv""","""0LyfQWJT6nXafLPZqxe9Of"""
"""10jsW2NYd9blCrDITMh2zS""","""1gRNBaI4yn6wCCTvRhGWh8"""
"""3dPKEZYhzNZej16d0gIa5x""","""51hRQLOySCpDBsBL6C03IZ"""
"""5mHdmnU9OjB8iI0R83wb7y""","""6IFXsrXBpwbIqtOUOiAa3p"""
"""1OUywRF869vLjKiB6DZjpY""","""5UloVKzUNJcjORzhhTWWiJ"""
"""6GS2StupHBr5QAfHUZqvxN""","""3rfgbfpPSfXY40lzRK7Syt"""
"""6MjOv3BeIjmht2ymtRih3s""","""7GaxyUddsPok8BuhxN6OUW"""
"""5gJBnLRkUtOjqsss6YA5XA""","""53QzNeFpzAaXYnrDBbDrIp"""
"""3Hd7RM6lZCgYlWWHtDKira""","""6PNZ6ZfwWLiUA2BrranFl3"""
"""5M1LRjo6pwaxEBuu7Dbvjb""","""1R6Hx1tJ2VOUyodEpC12xM"""
"""4GxrvKiysSiDU1HHifh1PA""","""0W498bDDNlJIrYMKXdpLHA"""
"""6AmnVWOxXYucWxgidEgwhy""","""3koiLjNrgRTNbOwViDipeA"""
"""6vbSRIQxMuyeTezckpFDOu""","""4STHEaNw4mPZ2tzheohgXB"""
"""4V0B2o4rSXh7CwzqbDX6xo""","""0vYQRW5LIDeYQOccTviQNX"""
"""1uzIyRT1QxDx4fMIX0UiAE""","""3PhoLpVuITZKcymswpck5b"""
"""2Kv2oy0Ke1wrZ9DgWQrVFj""","""0IecGJbdBeYSOVtSPRehh5"""
"""79x0PRGIZv33znrCkPkCZ5""","""4FtSnMlCVxCswABUmdhwpm"""
"""42cU6f6ei3kDi1KfN14EA7""","""3MdG05syQeRYPPcClLaUGl"""
"""7blwGJxsjE9l1FSoktlIZC""","""3PNGsgUFOuNvwagyBCo2Rg"""
"""2JcwQwy2KY3CEIzHUC30wG""","""0LyfQWJT6nXafLPZqxe9Of"""
"""0sFwAllCfLbRWlBFey67Hs""","""31U8n9SSMOKaUcfi4KnYVT"""
"""2CGgJ9PpKXTDCEvJ6qS9AV""","""0Sq7oGrYEe0BDmb13wgjOO"""
"""4he7R24eqd1EbF9kegiAK8""","""0LyfQWJT6nXafLPZqxe9Of"""
"""6knWE50fnmU6X50X7QGfQY""","""3UNrI3SG1l2ezKikxQ2zuk"""
"""2e7yJB7cRKa0BJxjd2jO0g""","""3mC1KCuZZSOlN8Z0M56VsV"""
"""19d5xY27aVqLQU94dYFYdS""","""3JaAGmSTpJK35DqWrDUzBz"""
"""3PResMqFgQYBfzTnqTKwQw""","""7guDJrEfX3qb6FEbdPA5qi"""
,
"""27eI33obJuyKebMTxAJJam""","""53QzNeFpzAaXYnrDBbDrIp"""
"""6mpnbSuIX7ghO1pypJJqnn""","""4MTyRJuQSGVdZQNUI4xRiR"""
"""6hSAjI92A6vPL6OM1DWTZg""","""0qEcf3SFlpRcb3lK3f2GZI"""
"""1b1ljTXAkcugOLAHkIi7Eq""","""320TrJub4arztwXRm7kqVO"""
"""3AcwJqNT1LgZdTttHkoaZ0""","""0LyfQWJT6nXafLPZqxe9Of"""
"""5x7vXXWapy8cUmdSuwpUy1""","""7guDJrEfX3qb6FEbdPA5qi"""
"""4kdOH3s9cRL9YykvHFpSlD""","""2CvCyf1gEVhI0mX6aFXmVI"""
"""2QbEB4aXdvMfrWH6o4NBvo""","""3bnf5pPVQFWv762IiavilV"""
"""26puZuYaa7mdM2Q24lBZ1s""","""7EK1bQADBoqbYXnT4Cqv9w"""
"""4pFfvZt1riTaIWzkHFfmsF""","""0LyfQWJT6nXafLPZqxe9Of"""
"""0hQ9bcocveWRrJ0Z2TbEa7""","""4FAEZeJcsYYBkNq2D3KGTV"""
"""09jTPeDoSuJLLAwFGNUKCX""","""38h03gA85YYPeDPd9ER9rT"""
"""2pX5qfSktgGJpQqpy39HjN""","""3rfgbfpPSfXY40lzRK7Syt"""
"""3Hd7RM6lZCgYlWWHtDKira""","""6PNZ6ZfwWLiUA2BrranFl3"""
"""7LLbmy5yQitJH9jlzwGy5z""","""2Uuon75BhnuuxdKLYn4wHn"""
"""2W5SVDEBlGqHYqt5sa9PnA""","""5FHwr1FymaS5kutIEK6e2y"""
"""6ZwsElAMgLjdZXL04okPcs""","""7d7q5Y1p2QWS4QRAhTQR5E"""
,
"""40itH1o9OXNvjVjendp50L""","""7z1zaOeWiHpl4SD2N9ZBgk"""
"""11hw0WWSfcwWTNKaMk5kmr""","""6jdObwsrIjSRnBbMw6lPBj"""
"""0M2KWMbvY5x1sUnIKNpyUt""","""39T6qqI0jDtSWWioX8eGJz"""
"""79hB4QtJjn0Y4DyRPpllZg""","""7FIoB5PHdrMZVC3q2HE5MS"""
"""5Mtnj5JyvyXR6ui377dBnD""","""5m8H6zSadhu1j9Yi04VLqD"""
"""6NuV6nId3nErKHQbdbwltq""","""2iE18Oxc8YSumAU232n4rW"""
"""0OV8RlPlzYfP75m1pgh0GD""","""0TF2NxkJZPQoX1H53rEFM1"""
"""56DPGJcxNr7RIeLIZ0fV8Z""","""349LPiGLpKGaxeqIuLZTQp"""
"""6QVemXFGMR4OLvlXvtQVjg""","""5fbhwqYYh4YwUoEs582mq5"""
"""1uzIyRT1QxDx4fMIX0UiAE""","""3PhoLpVuITZKcymswpck5b"""
"""3EPj44fRXUlrd1SO2j6Ywx""","""0TF2NxkJZPQoX1H53rEFM1"""
"""1EK3a0Yctg4d3nGQzE4Uty""","""568ZhdwyaiCyOGJRtNYhWf"""
"""0U2I58Kp4n7YvqFkBVYoeQ""","""2Mhi3jfuRSdbVZPdjqsnnN"""
"""79s7QjTPGEFwbpQsMhAYGw""","""218kRJZ7FJs0hWIk8Ynzhz"""
"""2UtqNZCMk90EiIl13RsUgK""","""7emRV8AluG3d4e5T0DZiK9"""
"""5qWGV0fd7hpdptJYI4G9Dd""","""3iDD7bnsjL9J4fO298r0L0"""
"""7rk4fjeq22xXAwhY7XL8yf""","""3ICyfoySNDZqtBVmaBT84I"""
"""7vvo1go8wl2NEmvcvjE4Dh""","""3sFhA6G1N0gG1pszb6kk1m"""
"""3Ztl5FTTZoyafzQihqAx7N""","""4BM6qze88exQPVILQpcYpj"""
"""3x5GGfpGdo20wuA3FpmZLC""","""4OGuNAnRFWZOgOA2d51taz"""
"""2yhzRrIyT4X3rGZKE0MrCv""","""1eEfMU2AhEo7XnKgL7c304"""
"""4uVNmbFIxFOWSGFimQUFu0""","""1SpCo1CAtNQODuohiHGICI"""
"""2Okci4K13UGLBJRMApE2sB""","""2dIzGSHkciATTqFH3Xox5g"""
"""5jgI8Eminx9MmLBontDWq8""","""7guDJrEfX3qb6FEbdPA5qi"""
"""1hryVGXoRLV9WAhO97xEDJ""","""3dkbV4qihUeMsqN4vBGg93"""
"""2JcwQwy2KY3CEIzHUC30wG""","""0LyfQWJT6nXafLPZqxe9Of"""
"""5ljIGCRRvS48V4ADzPGav2""","""2AV6XDIs32ofIJhkkDevjm"""
"""1B3YMpjIao8kBaRBx05tdy""","""4HVmeVTQBgvTuvjB1JYwaf"""
"""3AcwJqNT1LgZdTttHkoaZ0""","""0LyfQWJT6nXafLPZqxe9Of"""
"""4Gh6pRaXqXTtJx4plAJbBw""","""6P7H3ai06vU1sGvdpBwDmE"""
"""55zdxBeCPm7XmuZCeCdRbX""","""0ifzzRKdmtgaHy9cfnnyCR"""
"""2yhzRrIyT4X3rGZKE0MrCv""","""1eEfMU2AhEo7XnKgL7c304"""
"""0WCR1ZDrcXuNerUd6mbeiP""","""13y0kncDD4J9wxCyfKr10W"""
"""1INjTJtV8EwpUZF2xgwvAt""","""4HVmeVTQBgvTuvjB1JYwaf"""
"""4Gh6pRaXqXTtJx4plAJbBw""","""6P7H3ai06vU1sGvdpBwDmE"""
"""4kdOH3s9cRL9YykvHFpSlD""","""2CvCyf1gEVhI0mX6aFXmVI"""
"""0HN6yWzRIaLKPnSFdeBtAO""","""7JLwBH0X2G8tgHceqvOu5B"""
"""731Q7pBo9WEQyM52gUe0kJ""","""0JCxGVxsISZzJHJPUOtceB"""
"""41WtTX0i0uBD4hdC9Su7XD""","""13y0kncDD4J9wxCyfKr10W"""
"""5NjUJmfbCRtZQlWBongnT4""","""3TiISqKS6ESlMQ4WFfZJw2"""
"""1n9rbMLUmrXBBBJffS7pDj""","""4wQ3PyMz3WwJGI5uEqHUVR"""
"""0iv3gV69jA1YY2H0UTy9yF""","""0LyfQWJT6nXafLPZqxe9Of"""
"""2CGgJ9PpKXTDCEvJ6qS9AV""","""0Sq7oGrYEe0BDmb13wgjOO"""
"""6QVemXFGMR4OLvlXvtQVjg""","""5fbhwqYYh4YwUoEs582mq5"""
"""5YfLHOqGzEjVKZMTTgZnyn""","""4tIQ6BeFRvYApoAyJmaeVC"""
"""0uo6U4u3gt3ciHVIDYFSFh""","""6m30rs1IQqnWqV5nKMpU7U"""
"""6iVOz2hudE6dv5Yrcsw2c9""","""22bE4uQ6baNwSHPVcDxLCe"""
,
"""5FXBEje9MaN8rSPODQaXAL""","""1sldhz8tzC100cRAdfnMht"""
"""3xhdEzIX6oUQu2O0EiwWuk""","""2O0Hw1WSMbskB5tD9aWah3"""
,
"""3N1BK7WpalSMn1Tj8oTnj8""","""0hE3uA2w3guHeKvuc7BpRr"""
"""2ZdUVurLZBrEphCLzX7MdU""","""0nAVvgfE9yI4DwvMiYwk8a"""
"""4LH4d3cOWNNsVw41Gqt2kv""","""0k17h0D3J5VfsdmQ1iZtE9"""
"""7rk4fjeq22xXAwhY7XL8yf""","""3ICyfoySNDZqtBVmaBT84I"""
"""7rk4fjeq22xXAwhY7XL8yf""","""3ICyfoySNDZqtBVmaBT84I"""
"""5z8tMRZnLxrxqqOsw3oZHP""","""2kreKea2n96dXjcyAU9j5N"""
"""4CNEJF5wYGqhOYEKq8ciu8""","""3UNrI3SG1l2ezKikxQ2zuk"""
"""1ay9Z4R5ZYI2TY7WiDhNYQ""","""0oSGxfWSnnOXhD2fKuz2Gy"""
"""0gdQF4mVBPjv5hhjtoe3hM""","""34E3csCxpXunPGEkOVVX2g"""
"""3HFku9tiI6QkCyvXfFIaeO""","""5ZEAzHE2TzAwUcOj6jMIgf"""
"""54mzovgBZLSRDotc5Q56r1""","""3RwQ26hR2tJtA8F9p2n7jG"""
"""03LP0iA5hWsCVeDFHMV7Z8""","""7jmTilWYlKOuavFfmQAcu6"""
"""2JcwQwy2KY3CEIzHUC30wG""","""0LyfQWJT6nXafLPZqxe9Of"""
"""15uGHYJx0RwYK8FdZIiedj""","""457yGSZecENoIuNWelRHhH"""
"""5Gf5m9M6RiK2lkjpbP0xRu""","""0w7HLMvZOHatWVbAKee1zF"""
"""4oq9Qnp8xopMsypgLGbJ7G""","""2iE18Oxc8YSumAU232n4rW"""
,
"""6x6beV2H3fTTL2ovxA3iVQ""","""2mknvtcck8i82nKxDPDibv"""
"""0QtzjdxO5CAi9NqpiusEMh""","""7MpUvihmfilIxyN20kXwQj"""
"""5WupqgR68HfuHt3BMJtgun""","""3PhoLpVuITZKcymswpck5b"""
"""4vZ6eSpIwea2IIPnwG8jfx""","""6HX8AbXUFaYRtlqKb4CCo0"""
"""5ugc0oyFijTzQG3nHwRJ7A""","""7nwUJBm0HE4ZxD3f5cy5ok"""
"""3MRgojA0LfPka4RG7aRjsI""","""3VNITwohbvU5Wuy5PC6dsI"""
"""63Yg3UQS5VcHutEskCmFPC""","""2VUiF0VFkXzB0DLg9AzrqT"""
"""3xhdEzIX6oUQu2O0EiwWuk""","""2O0Hw1WSMbskB5tD9aWah3"""
"""63NKHtOychyEccShIws1KA""","""2RwV62DIxFGEn8aWO3iaMM"""
"""0alqFqh24fltTafZT1r5OJ""","""0CIdEoAG4j0tnC6IZsDr0q"""
"""4kRaawwPcWlpw33TjpPuiQ""","""46n0cAhBmsRJZiX6GSFmbf"""
"""3qTyHo3OqyRwT82f4mj1IH""","""7EK1bQADBoqbYXnT4Cqv9w"""
"""3DU0VQcgElO1cBHWk669BE""","""7tLLSEaHMMJPbsYAz8MkEw"""
"""6fBMaH0IiymemwFKmn18Ze""","""0UpuH5U4nZ3UGGUJi0Zfbp"""
"""5D4m8JsbFJrTawZNLZLKo4""","""0LyfQWJT6nXafLPZqxe9Of"""
,
"""3kN2WdUo9AGwDcgcMKZ1ib""","""218kRJZ7FJs0hWIk8Ynzhz"""
"""5M1LRjo6pwaxEBuu7Dbvjb""","""1R6Hx1tJ2VOUyodEpC12xM"""
"""33KGuaxYmTlMgauIxfovy6""","""7EK1bQADBoqbYXnT4Cqv9w"""
,
"""2IPD9EcNjUmsHvqULDMU9Y""","""23rleGXVOVVgTk3xgtmfE4"""
"""5yekdvOvjZ0Zptw76gpL95""","""7ceUfdWq2t5nbatS6ollHh"""
"""1yBUWYxGG5j1fjzSkrMY0C""","""5MYBNUKoFf9LAg30ByaBli"""
"""0YN8Alv4rHaSRsKgxoRfG0""","""2Uuon75BhnuuxdKLYn4wHn"""
"""6zjenDV68SpvM3oEhorTDm""","""6DbJi8AcN5ANdtvJcwBSw8"""
,
"""48HaPx2JNYVESpoksGcSZf""","""72OaDtakiy6yFqkt4TsiFt"""
"""3kexGfag0ZcQbWOhvgpfqo""","""0TF2NxkJZPQoX1H53rEFM1"""
"""3eOdBKYQ2w2eCvz2FxEmBA""","""0W498bDDNlJIrYMKXdpLHA"""
"""6jsWa1n8iL7fJYfMJaWa7K""","""6vuD08WKtmp1yc7kQx1rBm"""
"""2Kv2oy0Ke1wrZ9DgWQrVFj""","""0IecGJbdBeYSOVtSPRehh5"""
"""6wE37m8authSsjmKMB8jvM""","""6oV3BNm1Gj2GGgpYknc5TN"""
"""08X9AHDRpTsipGSVfC2UID""","""1eEfMU2AhEo7XnKgL7c304"""
"""5uYNj1HkZrWKAkhEYcGmJr""","""6QtGlUje9TIkLrgPZrESuk"""
"""1emSgHBdF4FZdUQfIBROU1""","""0TF2NxkJZPQoX1H53rEFM1"""
"""0hQ9bcocveWRrJ0Z2TbEa7""","""4FAEZeJcsYYBkNq2D3KGTV"""
"""31z6Bud2aFad5ejBVQBfNP""","""4o6DE8hZbgTTInaDQDEQVa"""
"""0sOT2G3ov21Lc8t5UNEoi3""","""67SxctqWYOGe8lthWjTDwu"""
"""5x7vXXWapy8cUmdSuwpUy1""","""7guDJrEfX3qb6FEbdPA5qi"""
"""4wcSa3LqH3JOQC7DTVIzpp""","""33W24YuaMUEk85MwRX6cRs"""
"""1GyxtJjcAykpqrJO2E9TAG""","""5fbhwqYYh4YwUoEs582mq5"""
"""0GLCHyDf1JwJRestHhlc91""","""1VN38ZSdtQnHLa8PfTTKZD"""
"""1WAlaVMaCstzAQ1Y5i0VeX""","""0LcJLqbBmaGUft1e9Mm8HV"""
"""17gEubRfhqZEFoYEnHVV5H""","""6waa8mKu91GjzD4NlONlNJ"""
"""2OUYJtDV6EmLkVyoHSuGIp""","""6P7H3ai06vU1sGvdpBwDmE"""
"""1n4U4mxtX246nRl6gvbWfA""","""4FtSnMlCVxCswABUmdhwpm"""
"""2akjxkzFolkeV72Yyv5KrM""","""5hW4L92KnC6dX9t7tYM4Ve"""
"""7wKiJQImtpNT3kBy5QVPSX""","""7d7q5Y1p2QWS4QRAhTQR5E"""
"""09yaGU6AaYLHAONWqhWmMk""","""0LyfQWJT6nXafLPZqxe9Of"""
"""3o8GWA6IiUF6V4r26bF0HS""","""1YLsqPcFg1rj7VvhfwnDWm"""
"""2CGgJ9PpKXTDCEvJ6qS9AV""","""0Sq7oGrYEe0BDmb13wgjOO"""
"""7mt9FC2uX1OvIkRdhMddxT""","""4b0WsB47XCa9F83BmwQ7WX"""
"""3MRgojA0LfPka4RG7aRjsI""","""3VNITwohbvU5Wuy5PC6dsI"""
"""7yQvWd7fqjpEKIp6dV0mAR""","""0LyfQWJT6nXafLPZqxe9Of"""
"""7AEetil5Qp5cGjOz28edjr""","""0F4yfY9manxJrgsfwbXdZa"""
"""2rW02GHgCXw7V4S86Eiref""","""4Sm7JCttzWMwHJtb3UJ8SY"""
,
"""2qZLEQ9KsfExIhQKJF3VkD""","""1iTlOqIrZy8DlvCPJY2sjS"""
"""7H2WgzFm5NkSlWHsqe8FjD""","""7qBnCBxjX9xHgepd3ayVc5"""
"""7c8hkiUJY77rIjGmihnzKx""","""6fzgnTv8gVkfFhA6V8Qdsh"""
"""6aBN9OWwAcB49LWlI95ekd""","""0vqkz1b2qBkoYrGMj2CUWq"""
"""76ezu9wSbv682sPJF7DGWK""","""38h03gA85YYPeDPd9ER9rT"""
"""5ndPgrypUzMo4djcGiD3dP""","""0TF2NxkJZPQoX1H53rEFM1"""
"""3HnXQbLUCdRmdgyGlLA0c8""","""08F3Y3SctIlsOEmKd6dnH8"""
"""2CGgJ9PpKXTDCEvJ6qS9AV""","""0Sq7oGrYEe0BDmb13wgjOO"""
"""1uzIyRT1QxDx4fMIX0UiAE""","""3PhoLpVuITZKcymswpck5b"""
"""4O8dmYS0wfxvY56LJdp280""","""3iDD7bnsjL9J4fO298r0L0"""
"""30HX2qhSInJL0rxjH4F1mE""","""6DbJi8AcN5ANdtvJcwBSw8"""
"""0prtrB4HNL9tiEeAv57Bz8""","""38h03gA85YYPeDPd9ER9rT"""
"""408nODJ1r3nO7f3qWkCrCB""","""6PAt558ZEZl0DmdXlnjMgD"""
"""2GVLsiEMDZhxOMATIPBK4d""","""4STHEaNw4mPZ2tzheohgXB"""
"""1uzIyRT1QxDx4fMIX0UiAE""","""3PhoLpVuITZKcymswpck5b"""
"""0a3YQpBnRzJzNktOjb6Dum""","""562Od3CffWedyz2BbeYWVn"""
"""7wKiJQImtpNT3kBy5QVPSX""","""7d7q5Y1p2QWS4QRAhTQR5E"""
"""6ywF3v0chlAEmj0xzPAIWM""","""5ZEAzHE2TzAwUcOj6jMIgf"""
"""3fRCOoTbBsOITBWlCRCJQr""","""0Lpr5wXzWLtDWm1SjNbpPb"""
"""6d1bcCPwsPB0YGrspKeexk""","""1SvG3y1gYAFOsv9785Xu9T"""
,
"""6QVn3X0VlX6XynvzgQVPi0""","""1R6Hx1tJ2VOUyodEpC12xM"""
"""4oOcwzKGwoofZKaTiMBRhF""","""2koUqfFTZqZIaTHxtWmT4W"""
"""1Q1RaEfVQGwBXfklrKNFHS""","""6Dpx8fRtNa9CEORHIiBQTG"""
"""5jgI8Eminx9MmLBontDWq8""","""7guDJrEfX3qb6FEbdPA5qi"""
"""3kN2WdUo9AGwDcgcMKZ1ib""","""218kRJZ7FJs0hWIk8Ynzhz"""
"""0alqFqh24fltTafZT1r5OJ""","""0CIdEoAG4j0tnC6IZsDr0q"""
,
"""7bHI1G9Q6V1M7YNT69QeNC""","""3MdG05syQeRYPPcClLaUGl"""
"""0alqFqh24fltTafZT1r5OJ""","""0CIdEoAG4j0tnC6IZsDr0q"""
"""5jM2xa3EYL3hNVdGMn5Oo3""","""5pIuhQWZ3S55Y46wQMPrjh"""
"""2IFAkSeLx9hwElsKS6AgWy""","""3ICyfoySNDZqtBVmaBT84I"""
"""3xhdEzIX6oUQu2O0EiwWuk""","""2O0Hw1WSMbskB5tD9aWah3"""
,
"""4O8dmYS0wfxvY56LJdp280""","""3iDD7bnsjL9J4fO298r0L0"""
"""3zAsj91IIFUTTVoGkF2HLU""","""6fE9b0HnXe6qDSlVBakwHk"""
"""181GSyHmlOrB3QfA4383vm""","""5fbhwqYYh4YwUoEs582mq5"""
"""3GUxesVyOehInaxJyCTh6d""","""7BEfMxbaqx6dOpbtlEqScm"""
"""7rPkdQjs9TuObO1qAAovky""","""59hLmB5DrdihCYtNeFeW1U"""
"""1uzIyRT1QxDx4fMIX0UiAE""","""3PhoLpVuITZKcymswpck5b"""
"""7nXadSb5djsc7Lfdv4IPLp""","""0SNdq9iJyup4XY6JbNHbt6"""
"""0NUEQILaBzavnzcMEs4buZ""","""6mcrZQmgzFGRWf7C0SObou"""
"""5tXZfxvr2VaWibD74nw8VL""","""4QQgXkCYTt3BlENzhyNETg"""
"""0lITGovWgaQGi42EfqcE5P""","""0oSGxfWSnnOXhD2fKuz2Gy"""
"""4MQXUCdpFPqi1jsM4N8aSR""","""5N6GwJzOcOY5kv8p0NjhYL"""
"""0F77QekrNe8vVAjU2sepja""","""0ECwFtbIWEVNwjlrfc6xoL"""
"""33KGuaxYmTlMgauIxfovy6""","""7EK1bQADBoqbYXnT4Cqv9w"""
"""2blsPE3sO5SnroFjfEAlfj""","""1LZEQNv7sE11VDY3SdxQeN"""
"""5J0VCIp4TTsZBKOqWdbBSa""","""0ECwFtbIWEVNwjlrfc6xoL"""
"""4QAzV4Z3hJq5XULwP74Gm7""","""2i1IdHG5w0wiSmJGoqAGlj"""
"""7wA3s9ug9RoJXi9qGQbSjX""","""5Pqx4mXYDGIDcg8E5FYjZ8"""
"""32xyhzHlGGsDvs1E7qihRA""","""39T6qqI0jDtSWWioX8eGJz"""
"""4ynbrgTsbZ99cT6I7DcNBv""","""3JaAGmSTpJK35DqWrDUzBz"""
"""3N05ILfABx0DkRtVKY07oY""","""0uUNzXylqsZdmFDwdxaP1V"""
"""7KmJicIwOmhICUqD1ndi6V""","""72NXpYBIaTfEeAAsxXLs0P"""
"""0bRlXo4f7P0gF30G3RACTN""","""5c9uFWpZY2MTlk7Rft0tgp"""
"""5qZVqBEJSq2HkDMh2VCOQ6""","""3tx8fyu3c4OBP5nejYtUOb"""
,
"""2fgrmnOGJzwU79xlHe4Iub""","""0ty0xha1dbprYIUAQufkFn"""
"""6IaC3IRa3OAl6bHmdmjPTf""","""3ICyfoySNDZqtBVmaBT84I"""
"""76H8FwuK6h2LeyvFxhatIA""","""0mpVqJaKwg11LdSRrvI0PL"""
"""5IneLpH3dsBiLlgcSseF8l""","""7guDJrEfX3qb6FEbdPA5qi"""
"""7nXadSb5djsc7Lfdv4IPLp""","""0SNdq9iJyup4XY6JbNHbt6"""
"""21O10zQ7YrFOTgfyRmopHs""","""53QzNeFpzAaXYnrDBbDrIp"""
"""2CGgJ9PpKXTDCEvJ6qS9AV""","""0Sq7oGrYEe0BDmb13wgjOO"""
"""558WlMriwRXU9I2Hq6JMzG""","""7jM2XoJBKhdL8oNnDr4re9"""
"""7IwJYazTkU1JdMBOrHNhZV""","""6m30rs1IQqnWqV5nKMpU7U"""
"""2ECNvuuHKvd8x0Qy2737Rw""","""6PwcexHTG0qJWQQwp05Bpm"""
"""2FxmC1q7CTXLSfHIX5xWCr""","""1eEfMU2AhEo7XnKgL7c304"""
"""6Ef4yClroC8pMGktYOUd5n""","""35U9lQaRWSQISxQAB94Meo"""
"""1uzIyRT1QxDx4fMIX0UiAE""","""3PhoLpVuITZKcymswpck5b"""
"""0D6b0oLPjrrV4YA4bRSkks""","""3alW3LYQS8K29z8C8NSLIX"""
,
"""57vciHCWBA2JvPDdhZ5dHE""","""3alW3LYQS8K29z8C8NSLIX"""
"""3nta4nhqWoWjc6LmHIB0kT""","""42q4Ivs7tAiCZ5C7eG5q4c"""
"""4oNkliPdTLg2FHIDp4PgDN""","""4jL1usPiGDK8TD46zJP4gu"""
"""1ik8galDoBJrMqOAf4n6PZ""","""43HpW8B5gYRnYbSzm37n5v"""
"""4P12KrXWSN8CspOvIuD4rl""","""3sFhA6G1N0gG1pszb6kk1m"""
"""0NdAeRKEfxR075pjL5Ecjl""","""6i6WlGzQtXtz7GcC5H5st5"""
"""3okUWxiGmWBwC5FLCrVJ6U""","""6nNkKMkPl1qBCEW3Al9eVV"""
"""6HL1KhWY4IUZ3uWkZlmAtb""","""0LyfQWJT6nXafLPZqxe9Of"""
"""7qRDgRFheOsba43KHwkQCN""","""4sFsq7NFJ0zz0uN3Zb6QJ9"""
"""5Ix4Nx2MglPorl6Rkzn5Eu""","""5L2UqkzpfZD5OpdA6fSfVH"""
"""7upKDUGJUjsvfIe6vuVB0b""","""1sXbwvCQLGZnaH0Jp2HTVc"""
"""0qCZEkPZT3wIdzy4QGGJVs""","""3rfgbfpPSfXY40lzRK7Syt"""
,
"""7upKDUGJUjsvfIe6vuVB0b""","""1sXbwvCQLGZnaH0Jp2HTVc"""
,
"""7Cv51YagMy05p7U4R6dmPJ""","""4nJ3J7RwgYmMARNAVrFb06"""
,
"""5SIfsBgfRFNxJd797Dqq2k""","""78udmCDNaDu5jqfVnBqwia"""
"""2K4i4uWwVVdGHHWl8jINwo""","""1T3RPiMH711kvoXymKUTYH"""
"""2WmtJRhLcDH9u6RPg65eHl""","""3iuobQyYhofKRr5W6HZoKt"""
"""5hC1ciYNtewV8gncsKHt1F""","""6QNkSI0c63lCTNXpHDBiqP"""
"""1aa8r527b20tcJqd7RdFeP""","""67PmHOmt1tveILUtasiYAf"""
"""339IjdizH8YIpwOUbUWGjl""","""4QQgXkCYTt3BlENzhyNETg"""
"""6QRpuaqB1chM6wemxQlcy1""","""4salDzkGmfycRqNUbyBphh"""
"""4HmWOsD5ggw9It34pM7nUf""","""0qEcf3SFlpRcb3lK3f2GZI"""
"""4QhvqS4OQ4Lxe78Bafn8VH""","""3EhbVgyfGd7HkpsagwL9GS"""
"""54ye0ADCH8Xp0R0rvGSviC""","""0LyfQWJT6nXafLPZqxe9Of"""
"""6ufis2iWp3hrox9QJfg5Jq""","""3mQBpAOMWYqAZyxtyeo4Lo"""
"""3pZNBYMFG6OSNuajvsdN4Q""","""3pFCERyEiP5xeN2EsPXhjI"""
,
"""1LgPUiosPMevbB4NHxcNiO""","""5AEG63ajney2BoDXi0Vb84"""
"""4mMlhHLgeVQHymeJPzP93p""","""0vn7UBvSQECKJm2817Yf1P"""
"""43inWGDznUuVwJoIX0jKtl""","""1667U2YoucgG5Pdvm2M59c"""
"""3qAWwBimvQ4rAGXGhWtCnj""","""3tx8fyu3c4OBP5nejYtUOb"""
"""2BU2SNYoIPtZvGEJckdIhx""","""6V6WCgi7waF55bJmylC4H5"""
"""0ANuBKrSED6utkHMXBwEXY""","""7ceUfdWq2t5nbatS6ollHh"""
"""6ywF3v0chlAEmj0xzPAIWM""","""5ZEAzHE2TzAwUcOj6jMIgf"""
"""4HmWOsD5ggw9It34pM7nUf""","""0qEcf3SFlpRcb3lK3f2GZI"""
"""0GO4Ee0UN5cyB1FnWPfOzz""","""2zpFG5cvw00QmrYTUsjApa"""
"""5C85Q4garKHMkAOnbcEyXP""","""0LyfQWJT6nXafLPZqxe9Of"""
"""6IPZ8ArBkdRBDmI3zG5hpE""","""7EK1bQADBoqbYXnT4Cqv9w"""
"""6RJyYMIrOtx3VnNIoq31kj""","""1dfeR4HaWDbWqFHLkxsg1d"""
"""0iv3gV69jA1YY2H0UTy9yF""","""0LyfQWJT6nXafLPZqxe9Of"""
"""1aa8r527b20tcJqd7RdFeP""","""67PmHOmt1tveILUtasiYAf"""
"""11O60gqbQl6f3EmTyZGaur""","""7jefIIksOi1EazgRTfW2Pk"""
,
"""4jOItHaJyNyXJxz8toGytx""","""35U9lQaRWSQISxQAB94Meo"""
"""127CLXCibn1ARC1CGExGav""","""1YLsqPcFg1rj7VvhfwnDWm"""
"""4WZbpVLIYH9KGn3x75g5nz""","""3D3ZXceMKK78mcGcsroslL"""
"""04p4pcNAodBupBWhO2p0w8""","""3LfO03nEZMdWNHG2tLpMa0"""
"""6HuHvPC7L7MiJgkqpZlmH4""","""6DbJi8AcN5ANdtvJcwBSw8"""
"""7vvo1go8wl2NEmvcvjE4Dh""","""3sFhA6G1N0gG1pszb6kk1m"""
"""5IlWV2U89uY5EuNYtYQH6B""","""6w6z8m4WXX7Tub4Rb6Lu7R"""
"""4rV5mwtsOjBXEld4KSjtIG""","""04LIHk1SobiQwt2tlupoAV"""
"""1uzIyRT1QxDx4fMIX0UiAE""","""3PhoLpVuITZKcymswpck5b"""
"""5jkht8yh5lhm0LYOtEHJun""","""7MpUvihmfilIxyN20kXwQj"""
,
"""2FxmC1q7CTXLSfHIX5xWCr""","""1eEfMU2AhEo7XnKgL7c304"""
"""1xklUxmkKkSplQHgQ27gQe""","""6IpcPRU1kV0J58kd2w8vSC"""
"""30HX2qhSInJL0rxjH4F1mE""","""6DbJi8AcN5ANdtvJcwBSw8"""
"""5ZfcBQTytv6PBbl0Q68Qg9""","""5wpS6LUdQYMoAreKITVtrH"""
,
"""0NUEQILaBzavnzcMEs4buZ""","""6mcrZQmgzFGRWf7C0SObou"""
,
"""3apNXvKHfKCWsg7N3ege4c""","""3sFhA6G1N0gG1pszb6kk1m"""
"""7iKDBfOFUtg8E8RbuDhiux""","""3PhoLpVuITZKcymswpck5b"""
"""1wASYlnD3LasDxFlREG6JI""","""4OGuNAnRFWZOgOA2d51taz"""
"""6Mg6YVKzEYqWhBo9eJvrSn""","""0LyfQWJT6nXafLPZqxe9Of"""
"""27ompw8zlrCkWMacS21ysX""","""4apX9tIeHb85yPyy4F6FJG"""
"""4shPsyHdXeoYwJeqt10Ttq""","""1DpIDwg8FGD50N9Tfunfsf"""
"""34H9jWMrNm6crMgVGAqoqR""","""6TKOZZDd5uV5KnyC5G4MUt"""
"""4A366gjTrYQwmRtkTezF2W""","""2CvCyf1gEVhI0mX6aFXmVI"""
"""0tFPDkiH2TpnjoVcrWtZHp""","""3z6Uf5IZkN4TogRpRpgD84"""
,
"""0QVsWpx62HGRHx1Big7BZA""","""77tT1kLj6mCWtFNqiOmP9H"""
"""7aWilYGhYcZQTpjQgCf6kx""","""66QeIFuFJDNCImNHlFzrY1"""
"""29MkM2BlD2jnF6g8lcMDuP""","""3alW3LYQS8K29z8C8NSLIX"""
"""7oBAC7hVvGjIOWYyPpRYYI""","""5QHvbEwccF3WANUD5lEIuA"""
"""2Fin5oppCDiqiLfqb3j3QO""","""3MdG05syQeRYPPcClLaUGl"""
"""2qAVfqCoOj2OStHvKrEPqM""","""6jdObwsrIjSRnBbMw6lPBj"""
"""4xQKeiJzX2EmCXt5XdGiTN""","""3GHovBcEWpbnwCZDPF9GpM"""
"""6X9k3hSsvQck2OfKYdBbXr""","""1dfeR4HaWDbWqFHLkxsg1d"""
"""3Zduho0YRag4bzsjSVGF0t""","""3KQOgtRIeQVHdYFcNHKavs"""
"""1YWIa6QASbS8AkCWYiwI1H""","""0efkWb9xKhT6H0E7kgSjFK"""
"""1lAMkHFW0e51taMt34LUQ2""","""1sFmYEcBTHjGELXH5vxSi9"""
"""10oMdAuUD0Tcc4BowCWUni""","""72VzFto8DYvKHocaHYNWSi"""
"""5Zwyrn62m3Pyc0nvRa9CHF""","""6fvN9GmMCVKb5LY0WsnjFP"""
"""7oBAC7hVvGjIOWYyPpRYYI""","""5QHvbEwccF3WANUD5lEIuA"""
"""0F77QekrNe8vVAjU2sepja""","""0ECwFtbIWEVNwjlrfc6xoL"""
"""1nxHfb1EerQyKdT1aLSXf6""","""3mQBpAOMWYqAZyxtyeo4Lo"""
"""4mDGyVthoID64WAcff0HxR""","""6twIAGnYuIT1pncMAsXnEm"""
"""3AcwJqNT1LgZdTttHkoaZ0""","""0LyfQWJT6nXafLPZqxe9Of"""
"""6a3PT2aen9D1oejgMo9VxK""","""2ZGlJUO9hdjZEvl710OpVX"""
"""0HBb6OhQVMtilVYnXJXzl5""","""6m30rs1IQqnWqV5nKMpU7U"""
"""4V8z8vZUCyYUBlUI9CfSbY""","""1LZEQNv7sE11VDY3SdxQeN"""
"""3JWeH3xgkigYvXdNQCFx1m""","""1zJBFCev9UwOMcrZsLi2od"""
"""0MWrKayUshRuT8maG4ZAOU""","""0oSGxfWSnnOXhD2fKuz2Gy"""
"""1ZFb2LKJVptVwrqdXSpVj9""","""0P8YAnEwTGZBkm0IudCZxl"""
"""7duyaPactGiBSLDpyx2moF""","""2Mhi3jfuRSdbVZPdjqsnnN"""
"""77EM0wkGevYQcBo1AJt7B0""","""5iB5AWIa7qreioi0AF3Bxa"""
"""0tFPDkiH2TpnjoVcrWtZHp""","""3z6Uf5IZkN4TogRpRpgD84"""
"""2JcwQwy2KY3CEIzHUC30wG""","""0LyfQWJT6nXafLPZqxe9Of"""
"""7p1ppQ3fqvosArcx4C6jpp""","""7BEfMxbaqx6dOpbtlEqScm"""
"""3Faeb8KPVk4ntMz0GBGlJO""","""2ekjTXgjxbWwBX5lTAj4DU"""
"""5oVuYNkQ3B7llavP29UMN7""","""2eogQKWWoohI3BSnoG7E2U"""
"""6ywF3v0chlAEmj0xzPAIWM""","""5ZEAzHE2TzAwUcOj6jMIgf"""
"""2Fin5oppCDiqiLfqb3j3QO""","""3MdG05syQeRYPPcClLaUGl"""
"""3iWfRfxjYYQFN2Kvh3GuYX""","""1YLsqPcFg1rj7VvhfwnDWm"""
"""6S2ZnQo8V7k7EQZZEK3WcR""","""3mQBpAOMWYqAZyxtyeo4Lo"""
"""13bM1rzP3swVQeBkHAhBkb""","""2Mhi3jfuRSdbVZPdjqsnnN"""
"""5KoWyVRECXH3IYrGuF4oza""","""3u2E9OhKS2vkxi08itc25a"""
"""4asBn7hzIq2Ka7rDzJN24P""","""3iDD7bnsjL9J4fO298r0L0"""
"""3urpKmhg4HyYuEmODNdTdo""","""46njgd2Rq9tZc4ZjeQMgbh"""
"""3719jlsd41vKAiYWrXNt9o""","""0543y7yrvny4KymoaneT4W"""
"""19lEZSnCCbVEkKchoPQWDZ""","""7Ey4PD4MYsKc5I2dolUwbH"""
"""76ezu9wSbv682sPJF7DGWK""","""38h03gA85YYPeDPd9ER9rT"""
"""5VIQ3VaAoRKOEpJ0fewdvo""","""08GQAI4eElDnROBrJRGE0X"""
"""0ANuBKrSED6utkHMXBwEXY""","""7ceUfdWq2t5nbatS6ollHh"""
"""0SW33rIKZ2v0EmfqRLKufz""","""2nvKpWcP8etYTq4JrRiUiy"""
"""2z2y977JvwU1rbnVO97RmY""","""2G1yVp387GlUf9yvLk6V11"""
,
"""1r5IleX8zPXRixRR5MeRhZ""","""3FPF6tyBTP79pCCAJDcPft"""
"""7AqOsJkpKZdkiap6CmIJ3Z""","""4QQgXkCYTt3BlENzhyNETg"""
"""04p4pcNAodBupBWhO2p0w8""","""3LfO03nEZMdWNHG2tLpMa0"""
"""6SPWqjUtm2iIvnlxFwFDpp""","""6h3rSZ8VLK7a5vXjEmhfuD"""
"""6cSZPNsr3tMEHo5QrMjk1F""","""3oDbviiivRWhXwIE8hxkVV"""
"""7p1ppQ3fqvosArcx4C6jpp""","""7BEfMxbaqx6dOpbtlEqScm"""
"""6CBv15cE2ndy5AfdgBrU2t""","""3r9TXuXfOUxXjgYgAR0fP8"""
"""1uzIyRT1QxDx4fMIX0UiAE""","""3PhoLpVuITZKcymswpck5b"""
"""7x6xnADtRaDBPlzcPCsks7""","""7xGGqA85UIWX1GoTVM4itC"""
"""3apNXvKHfKCWsg7N3ege4c""","""3sFhA6G1N0gG1pszb6kk1m"""
,
"""2kSQnTLbO7fevT5zOaM6Hv""","""4N8BwYTEC6XqykGvXXlmfv"""
"""0wzmqCoQ3rZTuCuIwK1jKp""","""7jefIIksOi1EazgRTfW2Pk"""
"""3sGENYCDR3UaIfFwWMJWrY""","""7oeuJSyVZTCkm3BurLz8cG"""
"""2n3LEm0rNpBwhWDRqYNzTQ""","""7FZCrgUVWK0ho9XoWhv4vY"""
"""6HEs5qnRcMu03zTSqMIdNM""","""438JBZR1AR0l04AzcYW9gy"""
"""7rk4fjeq22xXAwhY7XL8yf""","""3ICyfoySNDZqtBVmaBT84I"""
"""6oWwWXugn4eba7JmUxcfbA""","""4hKkEHkaqCsyxNxXEsszVH"""
"""7I5IWDrFPKeqhRSnd6QrXG""","""3JaAGmSTpJK35DqWrDUzBz"""
"""5VIQ3VaAoRKOEpJ0fewdvo""","""08GQAI4eElDnROBrJRGE0X"""
"""3PRoXYsngSwjEQWR5PsHWR""","""3WrFJ7ztbogyGnTHbHJFl2"""
"""2blsPE3sO5SnroFjfEAlfj""","""1LZEQNv7sE11VDY3SdxQeN"""
"""4p7Fp1dbgVOT4WVxKPpKHM""","""4QQgXkCYTt3BlENzhyNETg"""
"""47Dmo9RLpgHMusEiF8luvu""","""77tT1kLj6mCWtFNqiOmP9H"""
"""4naONQgqmTYSTbb59Z70ek""","""1667U2YoucgG5Pdvm2M59c"""
"""6X9k3hSsvQck2OfKYdBbXr""","""1dfeR4HaWDbWqFHLkxsg1d"""
"""5T7NrwkYldsrht0aIOVBjC""","""3HC7NcxQx2Yk0fWoRKJ0xF"""
"""26m6IjR3ZAUsYqSekFKqCq""","""6x33CmZWo2Ve4hxYl2Craq"""
"""29mQvxKHfLLeZHHUitOq4R""","""6m30rs1IQqnWqV5nKMpU7U"""
"""6Cf545T4jkaiyvMnTRPOB2""","""6biWAmrHyiMkX49LkycGqQ"""
"""6zNQLtbM3SsGh1QHbKo1Yi""","""3FZn8Z2B7mfaSOU8NE62KR"""
"""3719jlsd41vKAiYWrXNt9o""","""0543y7yrvny4KymoaneT4W"""
"""39ntuIhbcC8rsmRV2qXkmZ""","""3S34Unhn5yRcaH5K9aU5Et"""
"""1ya3SaqV6XPJjeSq7Camb2""","""5N6GwJzOcOY5kv8p0NjhYL"""
"""1HG3FGlUe4Q5yQPtnBusYY""","""3r9TXuXfOUxXjgYgAR0fP8"""
"""4q1HNSka8CzuLvC8ydcsD2""","""5SMVzTJyKFJ7TUb46DglcH"""
"""6Yn8gPxWLqJz210n9t8Kkh""","""2z9Y52xPb933l5cs0GNvnc"""
"""2RIG6dV498CqdszzYfZYgA""","""3alW3LYQS8K29z8C8NSLIX"""
"""0BU08nwyeikBtAibuyCrNJ""","""07XSN3sPlIlB2L2XNcTwJw"""
,
"""0fjJOLqG3v7vXRYhz2wxPC""","""6QtGlUje9TIkLrgPZrESuk"""
"""6CTiKdIgtmCJT7lKY0EYNK""","""67ea9eGLXYMsO2eYQRui3w"""
"""1YY6jzX4Ngdh3Id7Iwu2d2""","""59hLmB5DrdihCYtNeFeW1U"""
"""7nge8Pafna5rU1a0ek7dKN""","""2y8Jo9CKhJvtfeKOsYzRdT"""
"""3yBKvLLgqZfNTNtoUnq0Uf""","""4YPqbAiLzBg5DIfsgQZ8QK"""
"""30OwtFBugzMGsAYhXzEBEP""","""64CuUOOirKmdAYLQSfaOyr"""
"""435mubtZvkoTYIPXWy3seP""","""7jmTilWYlKOuavFfmQAcu6"""
"""2OjQL0UdSY4q4zw1p5hSrn""","""0LyfQWJT6nXafLPZqxe9Of"""
"""58lrXp0gaU9pCiwthHEWio""","""2SdZQXwwMAWw3INoSmOzur"""
"""2e6N9mz4kFIR1sM9givKpK""","""0LyfQWJT6nXafLPZqxe9Of"""
"""5czPDfUdCnfAXDXQkSAgX4""","""1vnIL4DMlivP55ioM6KitW"""
"""3PBjApZvoj5cxWPbn7RNuw""","""1jAoMOuujjmbiMJteei7HG"""
"""1RnaAF1UNPcWbFQOiFkPPf""","""6GlDsAkQHOmNgtUZdJ4Amq"""
"""1nxHfb1EerQyKdT1aLSXf6""","""3mQBpAOMWYqAZyxtyeo4Lo"""
"""1M4anG49aEs4YimBdj96Oy""","""0LcJLqbBmaGUft1e9Mm8HV"""
"""4rV5mwtsOjBXEld4KSjtIG""","""04LIHk1SobiQwt2tlupoAV"""
"""6MlglzxBetAjx7yZNAQt3D""","""28AyklUmMECPwdfo8NEsV0"""
"""3boy3BnMBvFMI9LKPMqtWq""","""7jefIIksOi1EazgRTfW2Pk"""
"""09jxC4cmWYXuecx9kcJP2o""","""3Y5abCLsMxsOLaZ8rYusSR"""
"""6DEE1AaMqTI3S7kcyJKubd""","""0LyfQWJT6nXafLPZqxe9Of"""
"""2HVx2tiZnLX8xeaUthed1e""","""7guDJrEfX3qb6FEbdPA5qi"""
"""2widuo17g5CEC66IbzveRu""","""0ECwFtbIWEVNwjlrfc6xoL"""
"""3iNpxjTJ8kBPtN3kAFh43X""","""3koiLjNrgRTNbOwViDipeA"""
,
"""0R7Uw1tUUbWlV53BGKfjQ4""","""59hLmB5DrdihCYtNeFeW1U"""
"""0gCDvloPR42pZRZhmbGYVI""","""77tT1kLj6mCWtFNqiOmP9H"""
"""1d79WI0e5XKTpBymbKADDQ""","""04LIHk1SobiQwt2tlupoAV"""
"""1YWIa6QASbS8AkCWYiwI1H""","""0efkWb9xKhT6H0E7kgSjFK"""
"""1lUemDpotxT7p1aCGSvWDz""","""1OxJzMLmR9l5zPLap9OxuO"""
"""6Vwss896snaZfuyr351z99""","""2jirMwr4cHJzjtx8vDX5IO"""
"""0fjJOLqG3v7vXRYhz2wxPC""","""6QtGlUje9TIkLrgPZrESuk"""
"""3bK8cxPBLUFkeBeoqzoWtx""","""2eFkm34OMSYRUwP4RAtXaT"""
"""08zWo4xb7GZ5e3dyUOUAmm""","""3JhRHqCi8HEzkJVWt19LtN"""
"""3RYi1mBYapOaGWQvwRjRjr""","""6IRouO5mvvfcyxtPDKMYFN"""
"""46b5kxxgs65r2SQYf6BYfO""","""4eeRviM714mXXeILmKHxh2"""
"""2tzbNCAUTmW4MIM2Ulvrwl""","""6twIAGnYuIT1pncMAsXnEm"""
"""5Er87iJtlkoE06D3PyFzmG""","""1BwHztAQKypBuy5WBEdJnG"""
"""3oemKJbPNMyWwJEgOpnqu8""","""5tTsrGPwQRWUsHR2Xf7Ke9"""
"""1qVP93dewrI7bukJAFPIvV""","""2utNxkLhreF1oIfO8kQT3q"""
"""5PPTyMtlVFzMofIrFx9ApW""","""3alW3LYQS8K29z8C8NSLIX"""
"""11A5KSBamOsVcMu69sgwzr""","""0WgyCbru4tXnMsbTmX4mFw"""
"""0BwWUstDMUbgq2NYONRqlu""","""08GQAI4eElDnROBrJRGE0X"""
"""77dNyQA0z8dV33M4so4eRY""","""3fMbdgg4jU18AjLCKBhRSm"""
"""0NQ5vEtFfn6MDbFtNk3gUQ""","""4Uv0Jg45Oq7vBXXwQNhXyf"""
"""1yn9J074uklyngo5SGS49U""","""0543y7yrvny4KymoaneT4W"""
"""5Cum33m0MK39JjWvbGO8bQ""","""4tw2Lmn9tTPUv7Gy7mVPI4"""
"""6D3RQD5AQZ4P2aDzsZmBI4""","""6i6WlGzQtXtz7GcC5H5st5"""
"""2hmAwFaEuQ7NTR23H9fvjQ""","""6XJ5IHDtW2OkjtwVllkANt"""
"""0Pbc9Jq12a47mQ1z9yIuhn""","""0vn7UBvSQECKJm2817Yf1P"""
"""5hVTcLOMdF852hzUu7HUCY""","""2pdvghEHZJtgSXZ7cvNLou"""
"""1d4QbAGdK7t9IgKQ7fI6SP""","""3EhbVgyfGd7HkpsagwL9GS"""
,
"""646DiNC3Ack9x3Q7dEBzKW""","""5fmvGUlMVgmnCn45f1he7d"""
"""2HVx2tiZnLX8xeaUthed1e""","""7guDJrEfX3qb6FEbdPA5qi"""
"""0BwWUstDMUbgq2NYONRqlu""","""08GQAI4eElDnROBrJRGE0X"""
"""1LaeNhiUpL3X6N0LcFvuDF""","""34jw2BbxjoYalTp8cJFCPv"""
"""5B1f1QwqbRhjWAExB1sofe""","""6h3rSZ8VLK7a5vXjEmhfuD"""
"""5QkOpsZupEPLq186YOrBNe""","""485uL27bPomh29R4JmQehQ"""
"""2CGgJ9PpKXTDCEvJ6qS9AV""","""0Sq7oGrYEe0BDmb13wgjOO"""
"""0rP1zFi6WyUG9TxKmGknG1""","""59QxeZBL6k9L4oJBGSyukd"""
"""7MejfRSNnrpcLZIxkeZDqR""","""2hl0xAkS2AIRAu23TVMBG1"""
"""2widuo17g5CEC66IbzveRu""","""0ECwFtbIWEVNwjlrfc6xoL"""
"""7I93ZrmODMfvBsjuxPnsqs""","""7jmTilWYlKOuavFfmQAcu6"""
"""5x5Lkz3iUd9iDVUJopk2SC""","""17XXKfRBMCWvLrqGoNkJXm"""
"""5hLazW5a3Ysgy3dncwGgUn""","""6QtGlUje9TIkLrgPZrESuk"""
"""5FGQWzDZk1i5JNv3beHOCx""","""5ziVRv2caoBDNG2fythJ2n"""
"""0QVoYzGd1p8Z3ohEaM0lsc""","""43ZHCT0cAZBISjO8DG9PnE"""
"""5PPTyMtlVFzMofIrFx9ApW""","""3alW3LYQS8K29z8C8NSLIX"""
"""4rndA6Tj2uJUxD5wZUyt08""","""6Sb8EHpZvyjSTT5KD9DjUZ"""
,
"""1OU7zJvUfgxxPHgkTClt1M""","""6IRouO5mvvfcyxtPDKMYFN"""
"""6jOJARNCHTbV9dSNtOEPBJ""","""4IT7iUyEDGX4pJDo6CfFRB"""
"""27PnJozrSZByyLlqFtiVtx""","""70ZTdbPEcEugBNay4MvxfL"""
,
"""3pbZUEap46WPw4nxrSjP4n""","""0LyfQWJT6nXafLPZqxe9Of"""
,
"""7DysI4j6UqK00RTfETKXqs""","""46njgd2Rq9tZc4ZjeQMgbh"""
"""1nxHfb1EerQyKdT1aLSXf6""","""3mQBpAOMWYqAZyxtyeo4Lo"""
"""1HG3FGlUe4Q5yQPtnBusYY""","""3r9TXuXfOUxXjgYgAR0fP8"""
"""7a35UzxXYuKQGMGImyB0Un""","""7jefIIksOi1EazgRTfW2Pk"""
"""4X87hQ57jTYQTcYTaJWK5w""","""3JsMj0DEzyWc0VDlHuy9Bx"""
"""2hmAwFaEuQ7NTR23H9fvjQ""","""6XJ5IHDtW2OkjtwVllkANt"""
"""4V8z8vZUCyYUBlUI9CfSbY""","""1LZEQNv7sE11VDY3SdxQeN"""
"""05jU4HqC6CTnRuP1e4yYnS""","""5fbhwqYYh4YwUoEs582mq5"""
"""040ZtZ1HRgoHRruJtI4IAh""","""3EhbVgyfGd7HkpsagwL9GS"""
"""5k55f89cnXdy0BikkUeBHJ""","""0LyfQWJT6nXafLPZqxe9Of"""
"""1YWIa6QASbS8AkCWYiwI1H""","""0efkWb9xKhT6H0E7kgSjFK"""
"""58lrXp0gaU9pCiwthHEWio""","""2SdZQXwwMAWw3INoSmOzur"""
"""5lPTpJorZZwS5pI9C0socS""","""5TbXjzD8tYgMD5JU2g2F8q"""
"""1lUemDpotxT7p1aCGSvWDz""","""1OxJzMLmR9l5zPLap9OxuO"""
"""0lmQ6rAGcChLjGXM52Qu3i""","""1dfeR4HaWDbWqFHLkxsg1d"""
"""2BKNbdpHaWwDFnwm72xT1C""","""7BEfMxbaqx6dOpbtlEqScm"""
"""36IxIOGEBAXVozDSiVs09B""","""7Ey4PD4MYsKc5I2dolUwbH"""
"""7EZlo6A3wcmAAjKozsQhiq""","""0i64fKwsnTQsPqbov8mZUh"""
"""2JxEUrs4GzHQdkV6qQayz5""","""0DW7boyjvbaSP3OJ72sXgC"""
"""3OjfTt27HmGpVd45IuMAT6""","""6D7h7R79IZjqJC2GM2wzyY"""
"""0BwWUstDMUbgq2NYONRqlu""","""08GQAI4eElDnROBrJRGE0X"""
"""1uzIyRT1QxDx4fMIX0UiAE""","""3PhoLpVuITZKcymswpck5b"""
"""1xoHS2vJAVCHFZvhs1YrGB""","""0uUNzXylqsZdmFDwdxaP1V"""
"""2cKZfaz7GiGtZEeQNj1RyR""","""0LcJLqbBmaGUft1e9Mm8HV"""
"""1d79WI0e5XKTpBymbKADDQ""","""04LIHk1SobiQwt2tlupoAV"""
"""54m0VdVh3yN9SrjSLPGVrP""","""3dRfiJ2650SZu6GbydcHNb"""
,
"""3Ru1PEQBFI88kBIWcPGGS8""","""4YPqbAiLzBg5DIfsgQZ8QK"""
"""5YHZaCxCuuK81h4Fimb9rT""","""1LZEQNv7sE11VDY3SdxQeN"""
"""4ZyHgrMk5iWM0b6mwFpLK9""","""1UkHCANZmdkKyVNvTLMrcJ"""
"""5YHZaCxCuuK81h4Fimb9rT""","""1LZEQNv7sE11VDY3SdxQeN"""
"""7orQwVEEjByRj9hT98frwo""","""2enKa9Yqr6PZy3xGlxQEu7"""
"""5YHZaCxCuuK81h4Fimb9rT""","""1LZEQNv7sE11VDY3SdxQeN"""
"""6P30JJABwZ9l3D3XdDu9Fd""","""0LyfQWJT6nXafLPZqxe9Of"""
"""3yBKvLLgqZfNTNtoUnq0Uf""","""4YPqbAiLzBg5DIfsgQZ8QK"""
"""2WDP1yNTx3cBR9LBE4Ribh""","""1ii6e2pv8VIRwnTER71rMl"""
"""5ZsWgDWvZ2luAHlczO8h2o""","""6twIAGnYuIT1pncMAsXnEm"""
"""0o2oPAxKGui4tvrrNgDtkc""","""3CDKmzJu6uwEGnPLLZffpD"""
"""4HNv2JkhmTpa346v8KeazE""","""6EJmqnuK0r6qiAevFFiNNR"""
,
"""3eMoXktkFOAWgM9WsW6Zci""","""1IvJtmPLbzpxDxfrw4rMFa"""
"""5MAL7e4EnKXW1hFg6NbFqP""","""6PAt558ZEZl0DmdXlnjMgD"""
"""1Jv2AqzhgsduUik2p4k3cS""","""22bE4uQ6baNwSHPVcDxLCe"""
"""1Mhn9VosyjtWn4dMPFlna6""","""6zFYqv1mOsgBRQbae3JJ9e"""
"""5zh2BzO2n6tSpZe0PgZc8v""","""3sFhA6G1N0gG1pszb6kk1m"""
"""0AzxFeB4qg0FXpmXTDuyDj""","""2d6JU9LvNhZR7AAtu4x2rS"""
"""0XRRSLnVrtXMI6cyVCacjd""","""0Xf8oDAJYd2D0k3NLI19OV"""
"""6f9PYvq6i0WEmwSvVJdUfO""","""2MMaIlHd8UvDW0mVRAncD6"""
"""6ndJxKyXX7qUDW0c5p4d1o""","""2kzcxYyQIRbwtkwVtj48mG"""
"""7I5IWDrFPKeqhRSnd6QrXG""","""3JaAGmSTpJK35DqWrDUzBz"""
"""5D43457Yz0FUwufF4ogvfA""","""0SD4eZCN4Kr0wQk56hCdh2"""
,
"""35yZZTWeSrszSKjRlFETwf""","""7tjbDPvrdvDshcpEMXKRVb"""
"""1ILknbSc8Ll0TqA8oJKkNV""","""3alW3LYQS8K29z8C8NSLIX"""
"""4KM9hhWCgasx9j7y3NogNv""","""21LGsW7bziR4Ledx7WZ1Wf"""
"""695VLbj5jBedIECX1KcrIF""","""2mDUt0bSAdmgG3WQMhLJz9"""
"""6mvI80w5r78niBmwtu7RF9""","""7dnB1wSxbYa8CejeVg98hz"""
"""36AmrTuGmb1LyYSimTHRkE""","""1VQ7baxc9Okx2YuRnpKMMR"""
"""5GwbPSgiTECzQiE6u7s0ZN""","""0LcJLqbBmaGUft1e9Mm8HV"""
"""61O1DSCXqRsGnVKzBS6tya""","""1VRQ3vzyw0h2WkbZKNTD1J"""
"""1stKyFV5HMvPMj3tlUG0nm""","""2eogQKWWoohI3BSnoG7E2U"""
,
"""6lu6DYE0eHHp1gd3QGUYhu""","""6IRouO5mvvfcyxtPDKMYFN"""
"""2GmrcFfoRPSKmmSyh36Bu6""","""2y8Jo9CKhJvtfeKOsYzRdT"""
"""2D2sMtTf1Db5bkSRGvWGKB""","""0HU0U9kdXEHZVxUNbuQe8S"""
"""6oU298pdPTCQnMx1PYwyUA""","""2hl0xAkS2AIRAu23TVMBG1"""
"""0w8UeRjG2l5JvEnpU3qnbU""","""3jaS8HCylkZ3YKhn5t20DU"""
"""3Dz7wlDnf5GT8l0xg5r91q""","""3HQyFCFFfJO3KKBlUfZsyW"""
"""4j5o27CHLTTP0bjeT2jkeP""","""38h03gA85YYPeDPd9ER9rT"""
"""78qajwwkI8eOt1DrnUOtuL""","""5tTsrGPwQRWUsHR2Xf7Ke9"""
"""4aYsq7sHYon9fInMOboyfK""","""3Y5abCLsMxsOLaZ8rYusSR"""
"""3Ru1PEQBFI88kBIWcPGGS8""","""4YPqbAiLzBg5DIfsgQZ8QK"""
"""4IJtPssNpcW4kjTFpIqbNU""","""2wMcQIxzH2LYHJZNxo9FcN"""
"""6In7MCrPTTezZiHrdFtSDd""","""5BmXbfqAgfkuTkPlVQDKOW"""
"""4kdOH3s9cRL9YykvHFpSlD""","""2CvCyf1gEVhI0mX6aFXmVI"""
"""6rw9lTD7lD1pudYZmser7L""","""6D7h7R79IZjqJC2GM2wzyY"""
"""2ICj5EvbtucP1EeMID4zBj""","""3aahGWIXwvG1fxduXjimtl"""
"""0qmrSID428I6Wwiws3wld5""","""0WgyCbru4tXnMsbTmX4mFw"""
"""1vhib5WLHRVdOpRjiTHk15""","""485uL27bPomh29R4JmQehQ"""
"""2voEmsGzJfzBE53XMWFXo1""","""0LyfQWJT6nXafLPZqxe9Of"""
"""6eAq1OY2L1F3qleomkvtX7""","""1zgNpeHQe8GulzfVkYP2VK"""
"""1IcNxT9zu74BfNhuHD9MBN""","""4N8BwYTEC6XqykGvXXlmfv"""
"""2SIFXSFOHJgqC6q3whbSZU""","""4salDzkGmfycRqNUbyBphh"""
"""5WNapJNap1UPuRGaRrXetX""","""5P53Exo01miUunItQyR2La"""
"""0Jd20cTh3EfVzFQn8GSO9Y""","""0fgtHVpOPfXb07S8Jx443z"""
"""0h1TLunyAqxRoArTlt6dQk""","""4FtSnMlCVxCswABUmdhwpm"""
"""64yIGFoYJVg66fRXIxIYJr""","""32vWCbZh0xZ4o9gkz4PsEU"""
"""15lJi5fAnWPltCKBTUbTry""","""1sXbwvCQLGZnaH0Jp2HTVc"""
"""51XjnQQ9SR8VSEpxPO9vrW""","""6P7H3ai06vU1sGvdpBwDmE"""
"""7wKiJQImtpNT3kBy5QVPSX""","""7d7q5Y1p2QWS4QRAhTQR5E"""
"""3o75BuQvN7lw4nzrAd8MPz""","""4JCt4xrbbBB9blkKwNlcJ7"""
"""362Gq4moTnxkud6hQEKsm1""","""6clbbhnIqpHnqxwtOWcilg"""
"""1vejDHMogN1kX53X9tp7fy""","""3HC7NcxQx2Yk0fWoRKJ0xF"""
"""5gMrkmI53zEn98WDwU0iye""","""4Tw2N3wdvJPGEU7JqMxFfE"""
"""1sMyk478XSkM1pnA7GK0cP""","""6XJ5IHDtW2OkjtwVllkANt"""
,
"""4zQRIyATzfm8RQ8ZOI47la""","""4MVyzYMgTwdP7Z49wAZHx0"""
"""5aimlnSDRmHRGfVReDwLqa""","""6OheJTrDFGiyZ67F1BBLhc"""
"""1p6cWoueuunhpgy6131zAd""","""0vYkHhJ48Bs3jWcvZXvOrP"""
"""6RFsKDGKQ7ENexRaAYlWlt""","""530Sdm7eqqzWBdDmILMgnu"""
"""52Ho5XgGwrNrPARqqXhJ5P""","""3alW3LYQS8K29z8C8NSLIX"""
"""3eZkKm4IbRjyHqbdLm7qDr""","""6D7h7R79IZjqJC2GM2wzyY"""
"""3fRI3fAHalHqqnKsW5btnP""","""0FrpdcVlJQqibaz5HfBUrL"""
"""339IjdizH8YIpwOUbUWGjl""","""4QQgXkCYTt3BlENzhyNETg"""
"""5YQsoNZvxTZKqsJ2Y7fQjJ""","""0reZZVbAPxgX1Rqj6XbWj3"""
,
"""1FpzNqDbugk77xUj0qOrtQ""","""0LyfQWJT6nXafLPZqxe9Of"""
"""5cXKi7OPaEi3BqpBhCejWE""","""2XKBOnP3qXHP2FpzKplAYh"""
"""4VqLII6oqVpCj5HjwKKwX9""","""5lkiCO9UQ8B23dZ1o0UV4m"""
"""2IIoRTMSjA1fTv11MdpGMj""","""3Y3xIwWyq5wnNHPp5gPjOW"""
"""0sz3Hdsit1jVLkE64NOLXV""","""5KEG7G8LDYlHgFDqZyEEs2"""
"""50yo97tgypklaU5DPZyHzd""","""6OWX8vOXHDmO2UxsfaJnfw"""
"""3usnShwygMXVZB4IV5dwnU""","""7jefIIksOi1EazgRTfW2Pk"""
"""5yqBTSoJqE9EfApl2Pptva""","""5bDxAyJiTYBat1YnFJhvEK"""
"""6e42g4IxKHPNT6VsRMkP4v""","""1UY4oIFpjCKe5qIhKDcloe"""
"""0iv3gV69jA1YY2H0UTy9yF""","""0LyfQWJT6nXafLPZqxe9Of"""
"""15lJi5fAnWPltCKBTUbTry""","""1sXbwvCQLGZnaH0Jp2HTVc"""
"""1k7WkNHGPNPnri2tsowvtg""","""0LyfQWJT6nXafLPZqxe9Of"""
"""38d6Ea87Hc9x5SpEp5Xij6""","""5SMVzTJyKFJ7TUb46DglcH"""
"""2bJalk1WMed8Z2CZca2zKp""","""29kkCKKGXheHuoO829FxWK"""
"""3usnShwygMXVZB4IV5dwnU""","""7jefIIksOi1EazgRTfW2Pk"""
"""26BHqKni1MTqwIcdSUFLRm""","""3R6f1aBWwde7ZqGv7hf4dY"""
"""5YQsoNZvxTZKqsJ2Y7fQjJ""","""0reZZVbAPxgX1Rqj6XbWj3"""
"""5GwbPSgiTECzQiE6u7s0ZN""","""0LcJLqbBmaGUft1e9Mm8HV"""
"""5czPDfUdCnfAXDXQkSAgX4""","""1vnIL4DMlivP55ioM6KitW"""
"""1vhib5WLHRVdOpRjiTHk15""","""485uL27bPomh29R4JmQehQ"""
"""51XjnQQ9SR8VSEpxPO9vrW""","""6P7H3ai06vU1sGvdpBwDmE"""
"""6H0wsYDvFlATzXHn0IqVpi""","""0Nn9YwJzcaeuU1jJL06e3r"""
"""7eJH6omaUJc3iAOw4CieNf""","""2eogQKWWoohI3BSnoG7E2U"""
"""2KSmpFuIe2nOYYVgA7oa9o""","""0Xf8oDAJYd2D0k3NLI19OV"""
"""5R9aNxFDDbjiLOi56sLpYa""","""2y8Jo9CKhJvtfeKOsYzRdT"""
"""0qf42mS1W0tr6L7yaGor0Y""","""6qI4LTzMRpTxRzMZPvv2C6"""
"""2BU2SNYoIPtZvGEJckdIhx""","""6V6WCgi7waF55bJmylC4H5"""
"""7eJH6omaUJc3iAOw4CieNf""","""2eogQKWWoohI3BSnoG7E2U"""
"""3kdp1PnxkKlshMP3qG2CUG""","""0dCKce6tJJdHvlWnDMwzPW"""
"""5G7Hry7SFLrdsvPu12EUyV""","""3Dd6jD1AApgtNoU6SJWR7P"""
"""6AbPhbIJmobHvCx7yH8YM9""","""0LyfQWJT6nXafLPZqxe9Of"""
"""7byZfMkOymyVownmGhLara""","""1LZEQNv7sE11VDY3SdxQeN"""
"""2SwnDwShj5gYL5dhDNoQun""","""2eogQKWWoohI3BSnoG7E2U"""
"""35XG1sovYmuWPpYCJsEX6F""","""2Mhi3jfuRSdbVZPdjqsnnN"""
"""61i0RjdySxEGDi5zpes4Fn""","""0LyfQWJT6nXafLPZqxe9Of"""
"""1aKaiiPUuycMQa4ugZXArH""","""2kreKea2n96dXjcyAU9j5N"""
"""7byZfMkOymyVownmGhLara""","""1LZEQNv7sE11VDY3SdxQeN"""
,
"""7mEjsBlRmfP63cH1gdPT6A""","""4tpUmLEVLCGFr93o8hFFIB"""
"""0WV0QzJJowSjqZ6C9KlrcR""","""39T6qqI0jDtSWWioX8eGJz"""
"""1UFBJkKiBe3Lzjr307UhuU""","""0Xf8oDAJYd2D0k3NLI19OV"""
"""4ufmoUiQbFCyWUM5OVtdsm""","""7mEIug7XUlQHikrFxjTWes"""
"""4GmEpUaXxyJ9YhO8pzIa2V""","""7GPNaPWw3STF8NYp39pd8G"""
"""3NsZev3pxengJeEoTeuzGb""","""15jHZ1EZwmm2QDjKctvqJQ"""
"""1FClVnvkp1RzPLjRDuALzM""","""6jQ9UtYXqNfVnPkrH1Xxwi"""
"""77dNyQA0z8dV33M4so4eRY""","""3fMbdgg4jU18AjLCKBhRSm"""
"""3ZQNGNWrZdPl3xyXlvBVa1""","""78udmCDNaDu5jqfVnBqwia"""
"""1zcm3UvHNHpseYOUfd0pna""","""3JsMj0DEzyWc0VDlHuy9Bx"""
"""7r36rel1M4gyBavfcJP6Yz""","""6zFYqv1mOsgBRQbae3JJ9e"""
"""4SpkNYHb0pnT9n6gEqkSvM""","""6IRQiyNmNGjGlrmEl0iArm"""
"""5ORcHUdS6M1dH8s6IIfHtO""","""1VQ7baxc9Okx2YuRnpKMMR"""
"""0qf42mS1W0tr6L7yaGor0Y""","""6qI4LTzMRpTxRzMZPvv2C6"""
"""0HpZFxWfSL8V4wzEtUvGFo""","""2JSjCHK79gdaiPWdKiNUNp"""
"""7byZfMkOymyVownmGhLara""","""1LZEQNv7sE11VDY3SdxQeN"""
"""2sXJQdHykPYcRQ7xFhwzMR""","""1LB8qB5BPb3MHQrfkvifXU"""
,
"""1uzIyRT1QxDx4fMIX0UiAE""","""3PhoLpVuITZKcymswpck5b"""
"""1FWTjROros7lbWXXmHKqJc""","""2MyNAoQL07EABerr6yhoT4"""
"""4RLVTxnuVN5ZWZqBFnaaQt""","""4QQgXkCYTt3BlENzhyNETg"""
"""2SwnDwShj5gYL5dhDNoQun""","""2eogQKWWoohI3BSnoG7E2U"""
"""3XdvQjIMjdwxRivZrg1ziJ""","""4tw2Lmn9tTPUv7Gy7mVPI4"""
"""4IYDdR6uUcazKjPPzJJzfu""","""0NCXrh1XOnHNp4mM0JUFJw"""
"""362Gq4moTnxkud6hQEKsm1""","""6clbbhnIqpHnqxwtOWcilg"""
"""38ZRiw1VVsLhTPiq1YtZIi""","""2kreKea2n96dXjcyAU9j5N"""
"""1mnu4hYvdwQgZXcNvtJ3D3""","""0PFtn5NtBbbUNbU9EAmIWF"""
"""7liGswqymvHdcDREn3FQDz""","""0LyfQWJT6nXafLPZqxe9Of"""
"""7duyaPactGiBSLDpyx2moF""","""2Mhi3jfuRSdbVZPdjqsnnN"""
"""3XdvQjIMjdwxRivZrg1ziJ""","""4tw2Lmn9tTPUv7Gy7mVPI4"""
"""2FQe9IhPGZe49IVQlvzzxM""","""0LyfQWJT6nXafLPZqxe9Of"""
"""2Ym6tiJht0CqqPTOEhlatf""","""1rlNSO7W5SWGspO6fgrHPS"""
"""211gVLmc36aeE66qEHqN0a""","""12d4iIvTOk7JkI6ecvc3ca"""
"""6wF5TxOUi2DpBkH9QnAGlx""","""1IEICAjQ2utMbLHi7zoc5f"""
"""0gOV46yCRVgdehR1SnFtuy""","""4STHEaNw4mPZ2tzheohgXB"""
"""4GSidaoqyGNwaG5mNKmuLT""","""6gkWznnJkdkwRPVcmnrays"""
"""1yNIJqbC4vSPFcc8mKEWZp""","""5AEG63ajney2BoDXi0Vb84"""
"""2MdCe2CS9EcdJ9V20TKzxo""","""72VzFto8DYvKHocaHYNWSi"""
"""4gShBcJ7UpcmFZi3AiPmEi""","""72OaDtakiy6yFqkt4TsiFt"""
"""4RLVTxnuVN5ZWZqBFnaaQt""","""4QQgXkCYTt3BlENzhyNETg"""
"""3Ru1PEQBFI88kBIWcPGGS8""","""4YPqbAiLzBg5DIfsgQZ8QK"""
"""6F5At9Oj2P7LwE8lCLJG2B""","""4V4Z3qMCwYofWHtip6ePF6"""
"""1NbNjch8MgBHxmRwm0OFhg""","""62olK5zZHSgFUXGDykgBL8"""
"""4dKdxly4ji1vfl7sEYuqBe""","""0WwSkZ7LtFUFjGjMZBMt6T"""
"""2KSmpFuIe2nOYYVgA7oa9o""","""0Xf8oDAJYd2D0k3NLI19OV"""
"""3eeJPgqbLWERXFQyDh4SUC""","""0dYkMe3wK29DulSa0uR8Rq"""
"""6e42g4IxKHPNT6VsRMkP4v""","""1UY4oIFpjCKe5qIhKDcloe"""
"""4HUntZg0YV0qCvRxmIhq2U""","""0LyfQWJT6nXafLPZqxe9Of"""
"""6vCT1BZLicHHNWc0McAWb2""","""6clbbhnIqpHnqxwtOWcilg"""
"""294yFGYq9SBXWR4g6dK63D""","""4salDzkGmfycRqNUbyBphh"""
"""40V7QExJNlpQZaxZf1JTF5""","""1sFmYEcBTHjGELXH5vxSi9"""
"""059jmsqbxhu2n78LMS0H3P""","""6UfoTQXaV3DuqtDVjZIxwZ"""
"""0kVK9lFFTzhnEb4ETElbCD""","""1CcEgi464SWZsKY5579u7z"""
"""1CvVSn2MtKDBR6aWMkNkem""","""7jefIIksOi1EazgRTfW2Pk"""
"""7wKiJQImtpNT3kBy5QVPSX""","""7d7q5Y1p2QWS4QRAhTQR5E"""
"""3CPzI71LDVXxmFqcKYANn1""","""30yVqa41V5oNH00p6CBWB9"""
"""4FA68GsblSfvKZZRfM1tI1""","""07XSN3sPlIlB2L2XNcTwJw"""
"""4ohvIC6DYCyY1uyPcvXAFc""","""6ltcwvni6HdZAJaWhmIvNR"""
,
,
"""6UixeNUSjrBnxeYV0ZuGHR""","""4QQgXkCYTt3BlENzhyNETg"""
"""5moFY0K48zOBW37SsThYL0""","""0DW7boyjvbaSP3OJ72sXgC"""
"""0UP3rWITqj74OAVCHP5034""","""1PqdKx88nAgPolRy079lMl"""
"""1CvVSn2MtKDBR6aWMkNkem""","""7jefIIksOi1EazgRTfW2Pk"""
"""3Xgt0D7DlSQ5HluyECu33i""","""6PAt558ZEZl0DmdXlnjMgD"""
"""6n44QMNdMbVuBZmS1e5TSN""","""0AfDBW6x1y3cJ7U8wSasVM"""
"""5CyhDBUqDk2XMptRFsj7c2""","""0J2Ej2rMQyqaUX3G6MUISw"""
"""6DLnBf2xooYa5UniuggpnD""","""0jgAONnsHxrwAlhkMUVS78"""
"""5ZsIng5dRn5FT7TKhx4eqX""","""0UUErweJscAbuxMmVo8MON"""
"""1d4QbAGdK7t9IgKQ7fI6SP""","""3EhbVgyfGd7HkpsagwL9GS"""
"""6lu6DYE0eHHp1gd3QGUYhu""","""6IRouO5mvvfcyxtPDKMYFN"""
"""5J1n4ssGLkD4vwfLpNAv9I""","""6z7wrwE2QW7Keb9ozoF0rg"""
"""6gWR2IPhIu1FwtTPuRUrNF""","""2vxhgszTmEHgbNJM7Xd3aW"""
"""2ZytN2cY4Zjrr9ukb2rqTP""","""3fMbdgg4jU18AjLCKBhRSm"""
"""5lZyrTKIlE2iJ6NVasoxoz""","""530Sdm7eqqzWBdDmILMgnu"""
"""2GAmoT3vdSG2OKA1pwFjwG""","""3alW3LYQS8K29z8C8NSLIX"""
"""1vhib5WLHRVdOpRjiTHk15""","""485uL27bPomh29R4JmQehQ"""
"""3w93PGkmXAmEAdJVvmPbzI""","""2cnMpRsOVqtPMfq7YiFE6K"""
"""3fD57Nvw9RhDYC0d6tDHiw""","""44azZyLI6j907fckDCg3qI"""
"""54fyYXrRRfl7sMJYF8FXcX""","""3MdG05syQeRYPPcClLaUGl"""
"""5ZsWgDWvZ2luAHlczO8h2o""","""6twIAGnYuIT1pncMAsXnEm"""
"""5hgGl3cmYdzcPedJs47Jum""","""18YelxQioKKPXK1PE5hh1n"""
"""3dtEGOLkkdEMbwu6GSOmdh""","""1tfXh4XxILEuMU2qZupFn8"""
"""7mEjsBlRmfP63cH1gdPT6A""","""4tpUmLEVLCGFr93o8hFFIB"""
,
,
"""2ZytN2cY4Zjrr9ukb2rqTP""","""3fMbdgg4jU18AjLCKBhRSm"""
"""6J8P3xCsQr5BPoEoukStSk""","""7BEfMxbaqx6dOpbtlEqScm"""
"""6wPXUmYJ9mOWrKlLzZ5cCa""","""1dfeR4HaWDbWqFHLkxsg1d"""
"""1mODksGrJUHVAIIbPXB43v""","""4STHEaNw4mPZ2tzheohgXB"""
"""009d83fu2guwouIwqr7i9E""","""0LyfQWJT6nXafLPZqxe9Of"""
"""7r36rel1M4gyBavfcJP6Yz""","""6zFYqv1mOsgBRQbae3JJ9e"""
"""6PXrZg7FMAGm1rnu6widwU""","""13y0kncDD4J9wxCyfKr10W"""
,
"""6wHjdKs7VVPVcqaHRzwqJt""","""5KQMtyPE8DCQNUzoNqlEsE"""
"""66zRIsqJIvHuna6xwCtlZU""","""0h9smro0z3HqUbD94jotU8"""
,
"""5PXeBHFjvr8EykHfFxJMje""","""4xXCRXOfQKQ2gjWxNhNzYW"""
"""1uzIyRT1QxDx4fMIX0UiAE""","""3PhoLpVuITZKcymswpck5b"""
"""2m2nl8cBT7bEgIA6LLmgah""","""695W5F2Ih8dYahLdjVOIoH"""
"""3zgDLoVcpVGfFbDZJf3uHI""","""3MdG05syQeRYPPcClLaUGl"""
"""1VyflnFsIEfcxPj4JgM5QR""","""3mQBpAOMWYqAZyxtyeo4Lo"""
"""0RhPpU4BvtF44qdvFnGQuh""","""4salDzkGmfycRqNUbyBphh"""
,
"""4shPsyHdXeoYwJeqt10Ttq""","""1DpIDwg8FGD50N9Tfunfsf"""
"""5ZsWgDWvZ2luAHlczO8h2o""","""6twIAGnYuIT1pncMAsXnEm"""
"""2FQe9IhPGZe49IVQlvzzxM""","""0LyfQWJT6nXafLPZqxe9Of"""
"""7duyaPactGiBSLDpyx2moF""","""2Mhi3jfuRSdbVZPdjqsnnN"""
"""5sads2fa0bgGGSad3lw12P""","""0LyfQWJT6nXafLPZqxe9Of"""
"""4WsQBaO2DLvDZ5VRmsXbUH""","""0J2Ej2rMQyqaUX3G6MUISw"""
"""3Z9IvbRwLHwLXXBlPFKg3B""","""3Y3xIwWyq5wnNHPp5gPjOW"""
,
"""2e6N9mz4kFIR1sM9givKpK""","""0LyfQWJT6nXafLPZqxe9Of"""
"""0AtWFXOdX6hnMIXRfpYoyS""","""4tw2Lmn9tTPUv7Gy7mVPI4"""
"""2m2nl8cBT7bEgIA6LLmgah""","""695W5F2Ih8dYahLdjVOIoH"""
"""3xzrUc5WHC8dv9UmiUWxH1""","""0cA5Tg15TwARIRZeiNT1RO"""
"""5Cum33m0MK39JjWvbGO8bQ""","""4tw2Lmn9tTPUv7Gy7mVPI4"""
"""4C19C0zbg3kMyTW3CKqvzP""","""3VNITwohbvU5Wuy5PC6dsI"""
"""7kHRfUycADjHtr01YFXSOp""","""3VNITwohbvU5Wuy5PC6dsI"""
"""240SJDnFY3u2hNDQe63WAf""","""6pXCjxMOBcWtvULYkFPVW6"""
"""03LP0iA5hWsCVeDFHMV7Z8""","""7jmTilWYlKOuavFfmQAcu6"""
"""5RDGpsmUSnVuJyh13Aryw7""","""5PN2aHIvLEM98XIorsPMhE"""
"""2bEqvYSLUAG9ssgmqb8dxO""","""4ZYjW9vY2BTk1er3xomkwI"""
"""0g4olMQ7cbaHKdJHDfCCu6""","""4VrbjhHKd8YbwhRnhfSuQm"""
"""4KLZQzC46s6j1pvW6hKME6""","""58U0OwuIViimy39WEbRbXh"""
"""5x7vXXWapy8cUmdSuwpUy1""","""7guDJrEfX3qb6FEbdPA5qi"""
"""0wPapw2OnSgmpg8G1DpZtI""","""3REpOYo13YkVj1dFzda12A"""
"""2QV9SouhSHFNpls0Dvyoo5""","""2nvKpWcP8etYTq4JrRiUiy"""
"""1sW1HxI9VppbiXqgFQHVCP""","""0ECwFtbIWEVNwjlrfc6xoL"""
"""4DUmxqvkQn3UJgDLjlYsyX""","""6h3rSZ8VLK7a5vXjEmhfuD"""
"""6zsKiAfWVG6SiUeK4akAlR""","""6JGUkLiRAWMNYaHdUCIUvC"""
"""7duyaPactGiBSLDpyx2moF""","""2Mhi3jfuRSdbVZPdjqsnnN"""
"""163iYwl7Kdm9ayTnD4VyfN""","""0TqIPD4IS1w4e30R38B3vj"""
"""2Go2GZ8qMznHdAoLO1cG4W""","""485uL27bPomh29R4JmQehQ"""
"""2SwnDwShj5gYL5dhDNoQun""","""2eogQKWWoohI3BSnoG7E2U"""
"""5mEjFOLcBs94wSchOtMCTB""","""22bE4uQ6baNwSHPVcDxLCe"""
"""0UP3rWITqj74OAVCHP5034""","""1PqdKx88nAgPolRy079lMl"""
"""5PXeBHFjvr8EykHfFxJMje""","""4xXCRXOfQKQ2gjWxNhNzYW"""
"""5OajcRNtdKugFqYgIsEkRY""","""6clbbhnIqpHnqxwtOWcilg"""
"""1JoT6VQQ8H5CUtPLEYw7o0""","""0I7UnRLIdCD310ZBgeuqh5"""
"""38WcdvKuiB0E4PC4b8sG6e""","""4YPqbAiLzBg5DIfsgQZ8QK"""
"""0X8rEKkL2TupftQRrOzX4h""","""24Wa5wIZIo1sPkzVGP0B5p"""
"""1PxGKfviBr0ReG7ghmysEm""","""3oAbjWINfcTSAuVUlXXMty"""
"""7wKiJQImtpNT3kBy5QVPSX""","""7d7q5Y1p2QWS4QRAhTQR5E"""
"""1sW1HxI9VppbiXqgFQHVCP""","""0ECwFtbIWEVNwjlrfc6xoL"""
"""65sswb9hvqtG8dzVLR4FTS""","""3IKV7o6WPphDB7cCWXaG3E"""
"""2uxG4gg4WnqR5eriMN6ehS""","""4tX2TplrkIP4v05BNC903e"""
"""2ZytN2cY4Zjrr9ukb2rqTP""","""3fMbdgg4jU18AjLCKBhRSm"""
"""2nE5WmbSq3qbyDrOpSTlnq""","""0LyfQWJT6nXafLPZqxe9Of"""
"""2Go2GZ8qMznHdAoLO1cG4W""","""485uL27bPomh29R4JmQehQ"""
"""1OLaHAb4ZU4epzZ3k7JV0T""","""1sXbwvCQLGZnaH0Jp2HTVc"""
"""5ERaMYO6utxG7HftrKO95m""","""6ZalUpnU8HaHSjROM92Txw"""
"""6Norh72qPrDRebO1656Xo1""","""1MXwwmS2JpmsHZhdMeOL2s"""
"""7ryVZ5ca6GM3FAkmlrymgv""","""3CkvROUTQ6nRi9yQOcsB50"""
,
"""0rwgfoVEgvcCvuwNsamaul""","""319yZVtYM9MBGqmSQnMyY6"""
"""3pO9uRVL8kmoVfkcN73w3h""","""2eogQKWWoohI3BSnoG7E2U"""
"""5sztejERqpktXEdemlUvU5""","""6zFYqv1mOsgBRQbae3JJ9e"""
"""1OLaHAb4ZU4epzZ3k7JV0T""","""1sXbwvCQLGZnaH0Jp2HTVc"""
"""4MQXUCdpFPqi1jsM4N8aSR""","""5N6GwJzOcOY5kv8p0NjhYL"""
"""6Ym3v8BbsLOebq0kPbR54a""","""0LyfQWJT6nXafLPZqxe9Of"""
"""2ZytN2cY4Zjrr9ukb2rqTP""","""3fMbdgg4jU18AjLCKBhRSm"""
"""3BMbUx06KOc2zfDBrC4x4Z""","""6qI4LTzMRpTxRzMZPvv2C6"""
"""1sW1HxI9VppbiXqgFQHVCP""","""0ECwFtbIWEVNwjlrfc6xoL"""
"""64O4gYFs64wZqznblUncYM""","""5kFY4Bv5VRSBsM6CUYBoTC"""
"""3Nrz0eEXlIM0Nbtak7PFcH""","""43mhFhQ4JAknA7Ik1bOZuV"""
,
"""6DLnBf2xooYa5UniuggpnD""","""0jgAONnsHxrwAlhkMUVS78"""
"""1zcm3UvHNHpseYOUfd0pna""","""3JsMj0DEzyWc0VDlHuy9Bx"""
"""0LfM3PGkXE6KvJEE1HkOnz""","""08GQAI4eElDnROBrJRGE0X"""
"""624bn11sAySR7GN4SScDfs""","""77tT1kLj6mCWtFNqiOmP9H"""
"""5uniuttzg7zsjDvqmvvyDU""","""46njgd2Rq9tZc4ZjeQMgbh"""
"""6TGyHFvMMeLaKWPYTcRQU4""","""7mEIug7XUlQHikrFxjTWes"""
"""1IcNxT9zu74BfNhuHD9MBN""","""4N8BwYTEC6XqykGvXXlmfv"""
"""7wKiJQImtpNT3kBy5QVPSX""","""7d7q5Y1p2QWS4QRAhTQR5E"""
"""0AtWFXOdX6hnMIXRfpYoyS""","""4tw2Lmn9tTPUv7Gy7mVPI4"""
"""1d075yQcykHjerQ2BN0ABn""","""08GQAI4eElDnROBrJRGE0X"""
"""6k7RVZ7bSL9ryReb8RLYRI""","""5a2EaR3hamoenG9rDuVn8j"""
"""0a0a2Z9oZrxyDIbd8CSIYz""","""6UpFUXmXvDV7Qj1SPymamh"""
"""3yB6tudMb6HIkFpAk86VGF""","""46njgd2Rq9tZc4ZjeQMgbh"""
"""2RIG6dV498CqdszzYfZYgA""","""3alW3LYQS8K29z8C8NSLIX"""
,
"""2uxG4gg4WnqR5eriMN6ehS""","""4tX2TplrkIP4v05BNC903e"""
"""3iMwQk5yE0UDDKbLCdcxZA""","""5PN2aHIvLEM98XIorsPMhE"""
"""1W1b52vaEcE3wfWk4WQH6q""","""3gMaNLQm7D9MornNILzdSl"""
"""5Cum33m0MK39JjWvbGO8bQ""","""4tw2Lmn9tTPUv7Gy7mVPI4"""
"""1NWA2fPLUAW5df7UGI5thp""","""4x1nvY2FN8jxqAFA0DA02H"""
"""7bVG2FiRaUwDyzlOFxVX9i""","""6IFXsrXBpwbIqtOUOiAa3p"""
"""2kc4mhFRsoIRVD0XEYnwhI""","""3VNITwohbvU5Wuy5PC6dsI"""
"""4LniALl9S6YedTFdiZWOMS""","""77tT1kLj6mCWtFNqiOmP9H"""
"""6DLnBf2xooYa5UniuggpnD""","""0jgAONnsHxrwAlhkMUVS78"""
"""64Ky1tqKPfwxhJs6msphWd""","""32vWCbZh0xZ4o9gkz4PsEU"""
"""0X4ZNTZw7SYgrp5rlBQC3N""","""55vs7NT1KxcFjbMC4y202E"""
,
"""7oYG4SA51T8d3QAMpImZ7G""","""5dcOK4stT4JDkP6Dqhbz5s"""
"""0QsTRgdl6PSinBK7sElqun""","""0h9smro0z3HqUbD94jotU8"""
"""0fSvQOkU8rRgcsW6MerdVw""","""4L1z1IcfK7lbqx8izGHaw5"""
"""25eZFwT2UvVK1kxC3wMoSW""","""4tpUmLEVLCGFr93o8hFFIB"""
"""38993ejU6at3J4b0fxIien""","""0NyzfcGDZZ6GM25EBG9BYK"""
"""0zkNOW8F8hcsEwIhulD67b""","""4tpUmLEVLCGFr93o8hFFIB"""
"""7rcAB5TsfvqT77pHd4edmc""","""05YVYeV4HxYp5rrWalvuE1"""
"""4ZjbAxpWpR9qhY7253jNrX""","""2kreKea2n96dXjcyAU9j5N"""
"""2hWUd06vhojleriwBZOt8z""","""4eeRviM714mXXeILmKHxh2"""
"""15q7N7Wo307mfjqR29NpjF""","""4x1nvY2FN8jxqAFA0DA02H"""
"""1mcETo27dXibXub2zWh8LS""","""1ii6e2pv8VIRwnTER71rMl"""
"""5PVuX09frPq7AMYkkdcDfR""","""0LcJLqbBmaGUft1e9Mm8HV"""
"""7ETEBrmP4raFhNnyqeltsh""","""4r8b3Hr0AMhzhAg75le0Gx"""
"""0fSvQOkU8rRgcsW6MerdVw""","""4L1z1IcfK7lbqx8izGHaw5"""
"""3NDwrDoBKwmBQYz4emr9P7""","""7mEIug7XUlQHikrFxjTWes"""
"""5PXeBHFjvr8EykHfFxJMje""","""4xXCRXOfQKQ2gjWxNhNzYW"""
"""1aEMnQLoZHDjibEDcisTMJ""","""4xXCRXOfQKQ2gjWxNhNzYW"""
"""5mMebbufullX8FIhpCxwCt""","""7jmTilWYlKOuavFfmQAcu6"""
"""6PhLTeuN0G894bdSBTCwUF""","""4salDzkGmfycRqNUbyBphh"""
"""5B089xYxcKyuZOE2B9jj1J""","""3XnO697XIus1M0cMuxZjos"""
"""0X4ZNTZw7SYgrp5rlBQC3N""","""55vs7NT1KxcFjbMC4y202E"""
"""6MtbZ0Hjoez0CqgfIQ6FfM""","""6Sb8EHpZvyjSTT5KD9DjUZ"""
"""1NTgVOFOyvIqquGPkaS2mT""","""6ltcwvni6HdZAJaWhmIvNR"""
"""03LP0iA5hWsCVeDFHMV7Z8""","""7jmTilWYlKOuavFfmQAcu6"""
,
"""2Pw51hAGvWpTA3AYl2WVuu""","""6IRouO5mvvfcyxtPDKMYFN"""
"""16B8kK28QgKIYTb7XyLMuj""","""2y8Jo9CKhJvtfeKOsYzRdT"""
"""4mDGyVthoID64WAcff0HxR""","""6twIAGnYuIT1pncMAsXnEm"""
"""20Y9wHWIxNFvqplgHmqmUl""","""1gRNBaI4yn6wCCTvRhGWh8"""
"""1qIyjl3oGyc4zBvBFFTJUu""","""1LPqJnojL09mceIxcFwXLx"""
"""1182TSnWV67tcGQWFcdAwt""","""3MdG05syQeRYPPcClLaUGl"""
"""4LniALl9S6YedTFdiZWOMS""","""77tT1kLj6mCWtFNqiOmP9H"""
"""00CBhqdZu9aooYsvTkYWgT""","""4tw2Lmn9tTPUv7Gy7mVPI4"""
"""5d6lhx5YEaeJSH4wDsKXt1""","""2gF5ozMajrL8gjPlA4Ej5x"""
"""7HlWbMlmhASeeZ61ZiHpWJ""","""43mhFhQ4JAknA7Ik1bOZuV"""
"""0Ual2X8mIfu5DZHZA3AI53""","""5UloVKzUNJcjORzhhTWWiJ"""
"""6kopjaWlaYUVvsJJ94MokI""","""2m62cc253Xvd9qYQ8d2X3d"""
"""6YNIEeDWqC09YIWzhoSVLg""","""3eqjTLE0HfPfh78zjh6TqT"""
"""5fQQ6TiiIyO7d6a07zYJ3t""","""5l6cEOynnkfX7PS7zCMRU0"""
"""03cq73RJU7Kvqx6WOneh9t""","""53I5L1MaOYGfbRM1uZ80xg"""
"""7fjKXnW6bvlKkVzt6x2sZW""","""04LIHk1SobiQwt2tlupoAV"""
"""3jm43eYfDKTkJoR9uZp9gl""","""2tfiUsmHWz3xi3BSBpyz6A"""
"""6PhLTeuN0G894bdSBTCwUF""","""4salDzkGmfycRqNUbyBphh"""
,
"""43wpzak9OmQfrjyksuGwp0""","""0rvjqX7ttXeg3mTy8Xscbt"""
"""3eirZt4jPKEgO8puKpv4ZR""","""5NGO30tJxFlKixkPSgXcFE"""
"""3VU9nca5z6cELuSXkHzApG""","""1Qw8MHpjYxm9Xf0O1ZfPiX"""
"""3S404OgKoVQSJ3xXrDVlp8""","""7crPfGd2k81ekOoSqQKWWz"""
"""3HggoXNgo0tDbqnjimiLBf""","""3Ri72CuuQSCLLkDRJgniFU"""
"""5qnCTen7cFDXAkuk4vdMCU""","""2nvKpWcP8etYTq4JrRiUiy"""
"""3NDwrDoBKwmBQYz4emr9P7""","""7mEIug7XUlQHikrFxjTWes"""
"""4apfDLU5QtNOu784u2Z2B5""","""3lPQ2Fk5JOwGWAF3ORFCqH"""
"""0QXYfxXpKeLlr3hueenIHB""","""0LyfQWJT6nXafLPZqxe9Of"""
"""6wPXUmYJ9mOWrKlLzZ5cCa""","""1dfeR4HaWDbWqFHLkxsg1d"""
"""6kopjaWlaYUVvsJJ94MokI""","""2m62cc253Xvd9qYQ8d2X3d"""
"""28Cz12vvLOxYkqzXNwAbnl""","""6PAt558ZEZl0DmdXlnjMgD"""
"""6wVoR7MhiuTlmfKxKtEpXG""","""5gxynDEKwNDgxGJmJjZyte"""
"""1ZuQduJGh0lBynUsfzD1tH""","""7guDJrEfX3qb6FEbdPA5qi"""
"""3NDwrDoBKwmBQYz4emr9P7""","""7mEIug7XUlQHikrFxjTWes"""
"""3eirZt4jPKEgO8puKpv4ZR""","""5NGO30tJxFlKixkPSgXcFE"""
"""5fIBtKHWGjbjK9C4i1Z11L""","""6P7H3ai06vU1sGvdpBwDmE"""
"""1ZuQduJGh0lBynUsfzD1tH""","""7guDJrEfX3qb6FEbdPA5qi"""
"""574Ws1iXSN3oLjtWyfoMZH""","""7FIoB5PHdrMZVC3q2HE5MS"""
"""6NPl3jEs80qKHd4Y5yo83u""","""0jgAONnsHxrwAlhkMUVS78"""
"""6TwlLNU5Zd9qGuNgSLeWPt""","""3Fz2GbraVXhcpXnoi2Oe1r"""
"""192mPxOusrkZyXmCdKdUJS""","""6rJqqRce0Kvo2dJUXoHleC"""
"""0epO2c4fFaUPdcIdqIAtOI""","""1lGt9WgdYGpMnmwGkcCm05"""
"""3xzrUc5WHC8dv9UmiUWxH1""","""0cA5Tg15TwARIRZeiNT1RO"""
"""2B20VLfuSgr6Ad6c4zJtec""","""3Y5abCLsMxsOLaZ8rYusSR"""
"""4k1GJg2poyo6hwWLqJn9C2""","""7jefIIksOi1EazgRTfW2Pk"""
,
"""7HlWbMlmhASeeZ61ZiHpWJ""","""43mhFhQ4JAknA7Ik1bOZuV"""
"""6xneJ1pKj47GhKZOKv7OGD""","""6GI52t8N5F02MxU0g5U69P"""
"""5mMebbufullX8FIhpCxwCt""","""7jmTilWYlKOuavFfmQAcu6"""
"""7mXg4fLJHmmnjAahH15Wsj""","""4x1nvY2FN8jxqAFA0DA02H"""
"""1La86JTftH0TB87NPxrzFX""","""34jw2BbxjoYalTp8cJFCPv"""
"""4rndA6Tj2uJUxD5wZUyt08""","""6Sb8EHpZvyjSTT5KD9DjUZ"""
"""1jX6hgONVAak4aSWpRB9gI""","""3alW3LYQS8K29z8C8NSLIX"""
,
,
,
"""0Zn8FlSOsIpShxJWj5blhc""","""3oDbviiivRWhXwIE8hxkVV"""
"""6UsP4NQ9K4L4Nqxj0Qis41""","""0UKfenbZb15sqhfPC6zbt3"""
"""7bNpYL4bvBMLRyafghBrCs""","""5dcOK4stT4JDkP6Dqhbz5s"""
,
"""2Wc3y0qSYX4fxYBWeiYnFa""","""6lx6XS8umFqYRVbBErx9fE"""
"""3zgDLoVcpVGfFbDZJf3uHI""","""3MdG05syQeRYPPcClLaUGl"""
"""3yB6tudMb6HIkFpAk86VGF""","""46njgd2Rq9tZc4ZjeQMgbh"""
"""0J1hOa4yCAH6rHqWlrVjNe""","""4YPqbAiLzBg5DIfsgQZ8QK"""
,
"""3t3BbpFJiGcXl4jI5CRLLA""","""4o6DE8hZbgTTInaDQDEQVa"""
,
,
"""48joW5905AMbTFLvy8ZWch""","""69Mj3u4FTUrpyeGNSIaU6F"""
"""3ls7tE9D2SIvjTmRuEtsQY""","""1aX2dmV8XoHYCOQRxjPESG"""
"""4gouGcdQn9OvjX42xnWrF0""","""3lPQ2Fk5JOwGWAF3ORFCqH"""
"""4gouGcdQn9OvjX42xnWrF0""","""3lPQ2Fk5JOwGWAF3ORFCqH"""
"""0afS7TjKOoq8LzTx9CgOnu""","""6QtGlUje9TIkLrgPZrESuk"""
"""4NmlDrnZOd3ejob9PoiOd9""","""3iDD7bnsjL9J4fO298r0L0"""
"""0CPZNmZvoI8YguX1zx9TCv""","""6aq8T2RcspxVOGgMrTzjWc"""
"""365COQVY3FyrwwOkVUO5Ay""","""4P70aqttdpJ9vuYFDmf7f6"""
"""2RsQtZuBsvc06gw5fRnFce""","""3VJakY5Yw5phAOF4Bada5v"""
"""62U7xIHcID94o20Of5ea4D""","""0PFtn5NtBbbUNbU9EAmIWF"""
"""7rfpaXxmQG7dnFycZjLae0""","""77tT1kLj6mCWtFNqiOmP9H"""
,
"""5JzBfIb5htZid0u8x6rhsY""","""4qzZ6bMrjK27yHGVjs4Pvq"""
"""6V5kvtOghmiq68PtJXbg6W""","""78udmCDNaDu5jqfVnBqwia"""
"""2Pw51hAGvWpTA3AYl2WVuu""","""6IRouO5mvvfcyxtPDKMYFN"""
"""4b6FIPHitfe0Khr42mAPfI""","""6IFXsrXBpwbIqtOUOiAa3p"""
"""0fSvQOkU8rRgcsW6MerdVw""","""4L1z1IcfK7lbqx8izGHaw5"""
"""5lSPP40Df9t2nkusLZtXTb""","""5W5bDNCqJ1jbCgTxDD0Cb3"""
"""4lDlCfyIhAXwP3hO2GVUaw""","""6DCIj8jNaNpBz8e5oKFPtp"""
"""3wT0A6ZVGve1QkFKQrafJG""","""4n7L1vYXp4Dt0HfxaLBj9l"""
,
"""1Fq1oCtmlSQabl1zIdoWCg""","""0NyzfcGDZZ6GM25EBG9BYK"""
"""1IcNxT9zu74BfNhuHD9MBN""","""4N8BwYTEC6XqykGvXXlmfv"""
"""5PXeBHFjvr8EykHfFxJMje""","""4xXCRXOfQKQ2gjWxNhNzYW"""
"""1HRjCO61kfHWX3Atps1lQz""","""6scOultrkXrQsClcbGKM7e"""
"""30aG9Rjezn1vxaYXrB8j3d""","""0f3EsoviYnRKTkmayI3cux"""
"""0LfM3PGkXE6KvJEE1HkOnz""","""08GQAI4eElDnROBrJRGE0X"""
"""4BGd9BmpePqeSfHLeYiCDr""","""2m62cc253Xvd9qYQ8d2X3d"""
"""1hj1SYbJYdXloRiSjsCLXg""","""4QQgXkCYTt3BlENzhyNETg"""
"""43wpzak9OmQfrjyksuGwp0""","""0rvjqX7ttXeg3mTy8Xscbt"""
"""6JF0SeUnEHkE69VtJCPKkT""","""0cA5Tg15TwARIRZeiNT1RO"""
"""2zLZzOfiwQ4hnPCu2gVtKB""","""7crPfGd2k81ekOoSqQKWWz"""
"""5PXeBHFjvr8EykHfFxJMje""","""4xXCRXOfQKQ2gjWxNhNzYW"""
"""0iv3gV69jA1YY2H0UTy9yF""","""0LyfQWJT6nXafLPZqxe9Of"""
"""4OhFkx7dTPfj0BXerfldyk""","""0LyfQWJT6nXafLPZqxe9Of"""
"""7D0XjViIK0Z16HCxbRDrnm""","""1bdytLV3FPjyhfrb6BhMej"""
"""5OajcRNtdKugFqYgIsEkRY""","""6clbbhnIqpHnqxwtOWcilg"""
"""3mc6PuGKv7XDllNcAYFSWb""","""0LyfQWJT6nXafLPZqxe9Of"""
"""5x7vXXWapy8cUmdSuwpUy1""","""7guDJrEfX3qb6FEbdPA5qi"""
"""7rfpaXxmQG7dnFycZjLae0""","""77tT1kLj6mCWtFNqiOmP9H"""
"""38UhlwlFmxKBRVCUdaY21m""","""3Dzj993UEz8Z5ovxuirzFO"""
"""5A00qXuqxWrO4NvSkBZfq4""","""0W498bDDNlJIrYMKXdpLHA"""
"""0fSvQOkU8rRgcsW6MerdVw""","""4L1z1IcfK7lbqx8izGHaw5"""
"""16B8kK28QgKIYTb7XyLMuj""","""2y8Jo9CKhJvtfeKOsYzRdT"""
,
"""3Fl6azxdrXD55nmaBmSMbn""","""55vs7NT1KxcFjbMC4y202E"""
"""18ogoWl1E1HJA8GaqIRM2V""","""7A9yZMTrFZcgEWAX2kBfK6"""
"""4aci08zCOiu3CaSQ8mO4sh""","""6EJmqnuK0r6qiAevFFiNNR"""
"""4vWxauP6oFowwSQeBnFwRW""","""3zXw2Eh96iTT51pytzHdZi"""
"""1YoO4z2HF3sxc7JUAvXozm""","""3MdG05syQeRYPPcClLaUGl"""
"""4oFLKch6Zh0YanY9Uj2s8z""","""6rJqqRce0Kvo2dJUXoHleC"""
"""3ja7CEvtGHq95Fv3p10vUd""","""4hzW2Vlxpq0gQRA6Dbqihj"""
"""5hVTcLOMdF852hzUu7HUCY""","""2pdvghEHZJtgSXZ7cvNLou"""
"""7BTbasHaqUidWr9CXoC6RU""","""4Tw2N3wdvJPGEU7JqMxFfE"""
"""0Z1FbK989YHgpdJJ8R2LjB""","""2eogQKWWoohI3BSnoG7E2U"""
"""4SKLiq4C6BbbFKcKzydytJ""","""1ZIMtrSe8sINPurERT4tRa"""
,
"""1uzIyRT1QxDx4fMIX0UiAE""","""3PhoLpVuITZKcymswpck5b"""
"""1xsV8SnV3vEUqhXalPAysw""","""0LyfQWJT6nXafLPZqxe9Of"""
"""7oYG4SA51T8d3QAMpImZ7G""","""5dcOK4stT4JDkP6Dqhbz5s"""
"""5ON91aFwvhfeFX6DhVto5h""","""35U9lQaRWSQISxQAB94Meo"""
"""4tUyNf5dGXwY4TaMaxwhqF""","""77tT1kLj6mCWtFNqiOmP9H"""
"""1hwPP3qgnV7PQrMSy6qFw8""","""0uAjBatvB4ubpd4kCfjmNt"""
"""0B98S6H0OAGWHaXFpjhqKu""","""5lkiCO9UQ8B23dZ1o0UV4m"""
"""4mDGyVthoID64WAcff0HxR""","""6twIAGnYuIT1pncMAsXnEm"""
"""0gOV46yCRVgdehR1SnFtuy""","""4STHEaNw4mPZ2tzheohgXB"""
"""40sKPUTUSt1t7F73DZ2ECT""","""5jNGQ7VOU87x5402JjhTtd"""
"""1doRkjo3Rzxj3qPjeFc1w4""","""4tw2Lmn9tTPUv7Gy7mVPI4"""
"""5pfpXvoJtSIFrbPIoBEv3R""","""0rvjqX7ttXeg3mTy8Xscbt"""
"""03LP0iA5hWsCVeDFHMV7Z8""","""7jmTilWYlKOuavFfmQAcu6"""
"""2bfvV9aRLN1BseXz4FbVnW""","""4463nfFMmK1cwAWBQDwT5e"""
"""1uzIyRT1QxDx4fMIX0UiAE""","""3PhoLpVuITZKcymswpck5b"""
"""5pcMAKVkaN8pVNRhc2dp8J""","""7mEIug7XUlQHikrFxjTWes"""
,
"""2ccrabRMmY1gECUdyqblP2""","""5NGO30tJxFlKixkPSgXcFE"""
"""5PXeBHFjvr8EykHfFxJMje""","""4xXCRXOfQKQ2gjWxNhNzYW"""
"""43P5lpZxSh8r0uNz7x6Sx1""","""24hJWbo98sH84tb0nkeaqy"""
"""7kHRfUycADjHtr01YFXSOp""","""3VNITwohbvU5Wuy5PC6dsI"""
"""6MtbZ0Hjoez0CqgfIQ6FfM""","""6Sb8EHpZvyjSTT5KD9DjUZ"""
,
"""1kNUVRC3LbnhjrBruBwvUN""","""3VNITwohbvU5Wuy5PC6dsI"""
"""1YoO4z2HF3sxc7JUAvXozm""","""3MdG05syQeRYPPcClLaUGl"""
,
"""6Ft0JILsEo5ZP2ddjECznc""","""2cnMpRsOVqtPMfq7YiFE6K"""
"""4ZjbAxpWpR9qhY7253jNrX""","""2kreKea2n96dXjcyAU9j5N"""
"""5ebh0MxkqELmk50xHj2b4k""","""7lzordPuZEXxwt9aoVZYmG"""
"""0RuiirdYgKyhbItmIdSTJs""","""73a6pNH4YtLNgDbPQwXveo"""
"""5OajcRNtdKugFqYgIsEkRY""","""6clbbhnIqpHnqxwtOWcilg"""
"""4oNkliPdTLg2FHIDp4PgDN""","""4jL1usPiGDK8TD46zJP4gu"""
"""15XNBzVWARPMlu0sEbfBjJ""","""22bE4uQ6baNwSHPVcDxLCe"""
"""1ZuQduJGh0lBynUsfzD1tH""","""7guDJrEfX3qb6FEbdPA5qi"""
"""5NwluvA7kQLbxKOtXqkY1m""","""2CLVPk9FcywjClBcTvWPkT"""
,
"""0QXYfxXpKeLlr3hueenIHB""","""0LyfQWJT6nXafLPZqxe9Of"""
"""0AtWFXOdX6hnMIXRfpYoyS""","""4tw2Lmn9tTPUv7Gy7mVPI4"""
,
"""7yDxJXFPl88Dt9kBo0dDD6""","""5NGO30tJxFlKixkPSgXcFE"""
"""1C2h7mLntPSeVYciMRTF4a""","""3fMbdgg4jU18AjLCKBhRSm"""
"""0dq2IoG1xIb5vLMmpr1xbK""","""3oZa8Xs6IjlIUGLAhVyK4G"""
"""6GYIy1SuhPDrugCZ5yNeQy""","""0f3EsoviYnRKTkmayI3cux"""
"""1C2h7mLntPSeVYciMRTF4a""","""3fMbdgg4jU18AjLCKBhRSm"""
"""1CuFf5IslmlCno7DAFjrt9""","""0SD4eZCN4Kr0wQk56hCdh2"""
"""5nDQAU3K52JimAaShsZoSn""","""77tT1kLj6mCWtFNqiOmP9H"""
,
"""1jdGSWB0QWRQrbRvwVx1BE""","""0LyfQWJT6nXafLPZqxe9Of"""
"""5jNDWA19BJbE24x1UUJGRY""","""0NKDgy9j66h3DLnN8qu1bB"""
"""4y1hBzoffx9DaGXbObeC2w""","""6kz53iCdBSqhQCZ21CoLcc"""
"""5aimlnSDRmHRGfVReDwLqa""","""6OheJTrDFGiyZ67F1BBLhc"""
"""0QNluXFRHFyRVDiBHXmstK""","""4QTVePrFu1xuGM9K0kNXkk"""
"""0uaavZx8ako3Kb6GFpb1G1""","""485uL27bPomh29R4JmQehQ"""
"""0x3qYJCMrhJPgi7hTqxEl2""","""2eogQKWWoohI3BSnoG7E2U"""
"""3MWjLK7oyJStLWqQmdDJfU""","""65c5si0ePAwkOCn4M35Ho7"""
"""02tfQwJSOLP77oCd9U8bqm""","""0lZoBs4Pzo7R89JM9lxwoT"""
"""37KYBt1Lzn4eJ4KoCFZcnR""","""0oSGxfWSnnOXhD2fKuz2Gy"""
"""2qZLEQ9KsfExIhQKJF3VkD""","""1iTlOqIrZy8DlvCPJY2sjS"""
"""3Q3RJWU0TlassvRIdDxyco""","""5uOVb4hLSQVbHbVVt27tV1"""
"""0bKkOfLzf0a3gl9I0Yrm3M""","""1Yyag4BRejtPxsKTrSkKDz"""
,
"""3ajWsun4JhB2GmKXWzVVj9""","""2Uz58cSxlJgefDaSikxYQ7"""
"""62U7xIHcID94o20Of5ea4D""","""0PFtn5NtBbbUNbU9EAmIWF"""
"""7mhrGQKxLFJPY2J4TXtA0A""","""5a2EaR3hamoenG9rDuVn8j"""
"""07M95spCCTwAnUS2d9YrK8""","""37VhgKcbq9YOse66sppnyz"""
"""3bl2ynZYqr4l37MQ2Wense""","""0LyfQWJT6nXafLPZqxe9Of"""
"""0fRptUxZ5A1EAJww9bcqu6""","""4salDzkGmfycRqNUbyBphh"""
"""6UaOmeGGHUSHyy3F4ngAwa""","""3gMaNLQm7D9MornNILzdSl"""
"""4OhFkx7dTPfj0BXerfldyk""","""0LyfQWJT6nXafLPZqxe9Of"""
"""1k4K4f9HQ1EMQINmqkBYBl""","""6Dxf1ZaJBrpbumiqTTnlIH"""
"""6j62lF3YXsygj6xTjAyRG5""","""3koiLjNrgRTNbOwViDipeA"""
"""4Mu7aaT2AUrNVL2WQ29kAk""","""1aX2dmV8XoHYCOQRxjPESG"""
"""1x5yxAvStMBrG5vxdKMdhY""","""6kz53iCdBSqhQCZ21CoLcc"""
"""3kpkQJB2e5R1Ktr8lTs8yf""","""34PLzyi7CdXUekiLHYyqXq"""
,
"""6sn6eWmPciSiHj0ltTBl7M""","""4lxfqrEsLX6N1N4OCSkILp"""
"""2EFUNYmwxe0AOGxBORrfaw""","""0rvjqX7ttXeg3mTy8Xscbt"""
"""5nDQAU3K52JimAaShsZoSn""","""77tT1kLj6mCWtFNqiOmP9H"""
,
"""3U1ht9EdWEI9nMvaqdQI67""","""5a2EaR3hamoenG9rDuVn8j"""
"""65PptxxbOFNvpAK9oBeVV1""","""2ibPkysx2PXqWLmxFD7jSg"""
"""50bajZpetfL5T0iRCOR74J""","""6zFYqv1mOsgBRQbae3JJ9e"""
"""2zLZzOfiwQ4hnPCu2gVtKB""","""7crPfGd2k81ekOoSqQKWWz"""
"""3R3x4zIabsvpD3yxqLaUpc""","""6zFYqv1mOsgBRQbae3JJ9e"""
"""6AbPhbIJmobHvCx7yH8YM9""","""0LyfQWJT6nXafLPZqxe9Of"""
"""5R8J87WpdqO4t4pB4F4LNJ""","""3gMaNLQm7D9MornNILzdSl"""
"""2liPmoa0xyg9DcjKOryJ66""","""5dbuFbrHa1SJlQhQX9OUJ2"""
"""3OBhnTLrvkoEEETjFA3Qfk""","""3fMbdgg4jU18AjLCKBhRSm"""
"""52koatNHePHRWEmmkP0z2Z""","""0f3kLT4wvi2mFHlHJgV8Hl"""
,
"""1ZH5g1RDq3GY1OvyD0w0s2""","""3RGLhK1IP9jnYFH4BRFJBS"""
"""2P1bkVHSonLBBSKvrBbdbw""","""4AYkFtEBnNnGuoo8HaHErd"""
"""30aG9Rjezn1vxaYXrB8j3d""","""0f3EsoviYnRKTkmayI3cux"""
"""7rCjItVh49HVMaHqxFKPRZ""","""0lZoBs4Pzo7R89JM9lxwoT"""
"""2bfvV9aRLN1BseXz4FbVnW""","""4463nfFMmK1cwAWBQDwT5e"""
"""7bVG2FiRaUwDyzlOFxVX9i""","""6IFXsrXBpwbIqtOUOiAa3p"""
"""5VHuYTXOvy0Cx8BqRSRzFn""","""7zfhej6FnVXN9LIXs6dcoK"""
"""2bfvV9aRLN1BseXz4FbVnW""","""4463nfFMmK1cwAWBQDwT5e"""
"""0fRptUxZ5A1EAJww9bcqu6""","""4salDzkGmfycRqNUbyBphh"""
"""2bfvV9aRLN1BseXz4FbVnW""","""4463nfFMmK1cwAWBQDwT5e"""
"""6VchS51lY0ox0b6YMYaoNs""","""0oSGxfWSnnOXhD2fKuz2Gy"""
"""67G6OvRO8vx0HEIN9g5kjO""","""1SQRv42e4PjEYfPhS0Tk9E"""
"""5Jj94tVfLjsUThndBgurIj""","""3C6chBmZ9wzisBhoh8G2nK"""
"""1iZgFhl4ik5FfPxaRiv3RN""","""6clbbhnIqpHnqxwtOWcilg"""
"""5PXeBHFjvr8EykHfFxJMje""","""4xXCRXOfQKQ2gjWxNhNzYW"""
"""5nDQAU3K52JimAaShsZoSn""","""77tT1kLj6mCWtFNqiOmP9H"""
"""1C2h7mLntPSeVYciMRTF4a""","""3fMbdgg4jU18AjLCKBhRSm"""
"""62U7xIHcID94o20Of5ea4D""","""0PFtn5NtBbbUNbU9EAmIWF"""
"""0o9hrKTjZk0O3QAGYDSDD2""","""695W5F2Ih8dYahLdjVOIoH"""
"""0ot3unUueOSBg6BGYzhurQ""","""3Z02hBLubJxuFJfhacLSDc"""
"""1BbFSjGKKbiJqJSkfvaKtA""","""3Y3xIwWyq5wnNHPp5gPjOW"""
"""06mXsfCdPU4NwdWM7TDQY5""","""3gMaNLQm7D9MornNILzdSl"""
"""1uzIyRT1QxDx4fMIX0UiAE""","""3PhoLpVuITZKcymswpck5b"""
"""5n81anOT1X7UnSHtq4PL2i""","""2CLVPk9FcywjClBcTvWPkT"""
"""6GYIy1SuhPDrugCZ5yNeQy""","""0f3EsoviYnRKTkmayI3cux"""
"""4y1hBzoffx9DaGXbObeC2w""","""6kz53iCdBSqhQCZ21CoLcc"""
"""0iv3gV69jA1YY2H0UTy9yF""","""0LyfQWJT6nXafLPZqxe9Of"""
"""45jQKUlo9GsOm87tHc46Xp""","""1hXjTjJzZTXDZ75AclOo6N"""
"""0pvhletDH7CphbKErUtPCF""","""0LyfQWJT6nXafLPZqxe9Of"""
"""2EFUNYmwxe0AOGxBORrfaw""","""0rvjqX7ttXeg3mTy8Xscbt"""
"""01sMJCr0xosXP8uZ2djLvd""","""6KOqPxwfNAmZPkiCnDE9yT"""
"""2RsQtZuBsvc06gw5fRnFce""","""3VJakY5Yw5phAOF4Bada5v"""
"""5yeIWI4LK4TzTHvFM00Zii""","""4xiBg5AwhlWtuxAJO9rO6f"""
"""63xk7E1acm5G88q2Ut5ALS""","""2gF5ozMajrL8gjPlA4Ej5x"""
"""7n60IGJPsDoEJVY3HMbxGm""","""3REpOYo13YkVj1dFzda12A"""
"""3nTuwTk2Gss075xnGnXtU3""","""5lkiCO9UQ8B23dZ1o0UV4m"""
"""6v3vZC4dMZDo6rrMTKPaFY""","""089zDeJWWSaHm6JE4V3ser"""
"""2ANVost0y2y52ema1E9xAZ""","""3fMbdgg4jU18AjLCKBhRSm"""
"""6CKFGOR75rLuIbXX13kUgu""","""6H1RjVyNruCmrBEWRbD0VZ"""
"""5IdwXEZnCs41jsRzYg6IVM""","""2CuzDPkRD6BJBvdWqCrt2I"""
"""5UUutTu9xlQnG9duYrIIW7""","""2urZrEdsq72kx0UzfYN8Yv"""
"""3SfepTCpUYg5C1UV7DvkJ1""","""3BucZwouCkpiGi2UxqfWn9"""
"""4jSmWv7f63DJKOj7YyKV7l""","""6PAt558ZEZl0DmdXlnjMgD"""
"""5xQPBKkD2vZQag95dVpyOs""","""3JhRHqCi8HEzkJVWt19LtN"""
,
"""2uxG4gg4WnqR5eriMN6ehS""","""4tX2TplrkIP4v05BNC903e"""
"""0MdsnpmztQLrbUDzXZeT8v""","""1bdytLV3FPjyhfrb6BhMej"""
"""01sMJCr0xosXP8uZ2djLvd""","""6KOqPxwfNAmZPkiCnDE9yT"""
"""3hZjcwZDDQOYB9PiGzEKSa""","""4QQgXkCYTt3BlENzhyNETg"""
"""7nXJ5k4XgRj5OLg9m8V3zc""","""5a2EaR3hamoenG9rDuVn8j"""
"""5HmYiJnUkFuciiqRrAAv4o""","""1zuJe6b1roixEKMOtyrEak"""
,
"""4FZ9s0pelFSliPWhVEWRcC""","""0LyfQWJT6nXafLPZqxe9Of"""
"""7yZHLfxqiGPbSQLrVJljah""","""4lxfqrEsLX6N1N4OCSkILp"""
"""3REUXdj5OPKhuDTrTtCBU0""","""2cnMpRsOVqtPMfq7YiFE6K"""
"""3alZBOvPaK3hgMEEymw4Yr""","""3gMaNLQm7D9MornNILzdSl"""
"""6nNlTIiFd3J06W0rJiiwlz""","""7AC976RDJzL2asmZuz7qil"""
"""1Fq1oCtmlSQabl1zIdoWCg""","""0NyzfcGDZZ6GM25EBG9BYK"""
"""51NPMfa9QfxsYtqzcB2VfY""","""6kz53iCdBSqhQCZ21CoLcc"""
"""65Uo74eW8L3zXUxSOlSm6H""","""2TPyCsRoh2tjeZLTQ2ojlj"""
"""1W1b52vaEcE3wfWk4WQH6q""","""3gMaNLQm7D9MornNILzdSl"""
"""4FZ9s0pelFSliPWhVEWRcC""","""0LyfQWJT6nXafLPZqxe9Of"""
"""0PMasrHdpaoIRuHuhHp72O""","""3eqjTLE0HfPfh78zjh6TqT"""
"""1FvdZ1oizXwF9bxogujoF0""","""2BTZIqw0ntH9MvilQ3ewNY"""
"""7xbWtTByfdMWFfxXmeFFl0""","""0lZoBs4Pzo7R89JM9lxwoT"""
"""4pox3k0CGuwwAknR9GtcoX""","""2BTZIqw0ntH9MvilQ3ewNY"""
"""091NaILFpszQchbFnIFiIX""","""2kreKea2n96dXjcyAU9j5N"""
"""0LMfbsue7HETT4P8Mqxbvg""","""3daM7asS0gCFvyLemNx2EE"""
"""5cwUCXPFFfNsnk4qipc40D""","""4463nfFMmK1cwAWBQDwT5e"""
"""7nXJ5k4XgRj5OLg9m8V3zc""","""5a2EaR3hamoenG9rDuVn8j"""
"""4tUyNf5dGXwY4TaMaxwhqF""","""77tT1kLj6mCWtFNqiOmP9H"""
"""518KEiiREhbb0ks7rA6ACM""","""5jVeqi3PNaTOajfvBa4uFn"""
"""7kHRfUycADjHtr01YFXSOp""","""3VNITwohbvU5Wuy5PC6dsI"""
"""5IneLpH3dsBiLlgcSseF8l""","""7guDJrEfX3qb6FEbdPA5qi"""
"""2X8UOIkZQdcz2Hi5Ynt2uk""","""3fMbdgg4jU18AjLCKBhRSm"""
"""7xY34kpisIxOv8WMnNN8wg""","""0LyfQWJT6nXafLPZqxe9Of"""
"""0V8ETNFjMiaCoG45ZPWsUs""","""6Tz0QRoe083BcOo2YbG9lV"""
"""1DU5fmQDMYfS6g1tntqKdK""","""0LyfQWJT6nXafLPZqxe9Of"""
"""2fv3CMkuVgYRtQVnhv1rQW""","""6OQrOpxSIfPai3cFaN4v4P"""
"""17PNvuwxQ9gmeYkoq9Vo93""","""5xQKoGD7Ql92fWd1uWwKkf"""
"""3alZBOvPaK3hgMEEymw4Yr""","""3gMaNLQm7D9MornNILzdSl"""
"""1uzIyRT1QxDx4fMIX0UiAE""","""3PhoLpVuITZKcymswpck5b"""
"""1FvdZ1oizXwF9bxogujoF0""","""2BTZIqw0ntH9MvilQ3ewNY"""
"""43lok9zd7BW5CoYkXZs7S0""","""6tbjWDEIzxoDsBA1FuhfPW"""
"""5BDE3Z6clvwbPoWWwiSyGp""","""0smy8yDrRoI4CnhpOuthg0"""
"""2FZNWUmgRoP8uJZBaHJdfj""","""7lzordPuZEXxwt9aoVZYmG"""
"""4pGwe5BW8GVtIP8ruoa1jB""","""0NKDgy9j66h3DLnN8qu1bB"""
"""7r36rel1M4gyBavfcJP6Yz""","""6zFYqv1mOsgBRQbae3JJ9e"""
"""4HUntZg0YV0qCvRxmIhq2U""","""0LyfQWJT6nXafLPZqxe9Of"""
"""5ycnwHGkzOlTuMOI3Zh4iO""","""6DCIj8jNaNpBz8e5oKFPtp"""
,
"""7xbWtTByfdMWFfxXmeFFl0""","""0lZoBs4Pzo7R89JM9lxwoT"""
"""7tupdIXanhc5g9n6EsjMW5""","""7A9yZMTrFZcgEWAX2kBfK6"""
"""1ICKrl6sDjJD1YdR9VDfPR""","""3iDD7bnsjL9J4fO298r0L0"""
"""5i0kVvDtDgmorQXqX9rdaK""","""3RFGnJaDVOyxL9YcFaKatu"""
"""5SUJuwK3WUmX1OxrJUiw6n""","""49iKbKGqgn8OESkW5WduX0"""
"""3zGFU1Eq1SCPkmYGmuCCxB""","""2kreKea2n96dXjcyAU9j5N"""
"""4cj641XM0e3LcGSTWr2oEV""","""2O8QAJmRrwkFXq2aWZnHYB"""
,
"""3UYqus5v0Vmo1expg58Zu0""","""5IDs1CK15HegSAhGEbSYXo"""
"""6BX8AS7J97PSQNrteX325Z""","""3CkvROUTQ6nRi9yQOcsB50"""
"""1W1b52vaEcE3wfWk4WQH6q""","""3gMaNLQm7D9MornNILzdSl"""
"""1uzIyRT1QxDx4fMIX0UiAE""","""3PhoLpVuITZKcymswpck5b"""
"""0u34k1ANjgZ47uQfG9yaLj""","""7A9yZMTrFZcgEWAX2kBfK6"""
,
"""7LF3dh4kSegu8qsXkkzpPH""","""43mhFhQ4JAknA7Ik1bOZuV"""
"""16B8kK28QgKIYTb7XyLMuj""","""2y8Jo9CKhJvtfeKOsYzRdT"""
,
"""5LMGAYhn2ywaxGZdtmXGpw""","""2AM4ilv6UzW0uMRuqKtDgN"""
"""4nBMoo2lWA0tebq8iUWx1D""","""2yrbLiuBmc9j81lTX3XUuI"""
"""4PfhmMEip362E4cGEumwiA""","""6IFXsrXBpwbIqtOUOiAa3p"""
"""51NPMfa9QfxsYtqzcB2VfY""","""6kz53iCdBSqhQCZ21CoLcc"""
"""0u34k1ANjgZ47uQfG9yaLj""","""7A9yZMTrFZcgEWAX2kBfK6"""
"""5ycnwHGkzOlTuMOI3Zh4iO""","""6DCIj8jNaNpBz8e5oKFPtp"""
"""5lrlWKjNY0eTDXp9Bd3LpW""","""6tbjWDEIzxoDsBA1FuhfPW"""
"""0PMasrHdpaoIRuHuhHp72O""","""3eqjTLE0HfPfh78zjh6TqT"""
"""1JSjQhsnC2xElFjTVG3Qhy""","""1dLWg6m8RRhizsdqJbhyj3"""
,
"""59SwH7Ez6Gztywrcnvmx6n""","""77tT1kLj6mCWtFNqiOmP9H"""
,
"""3R3x4zIabsvpD3yxqLaUpc""","""6zFYqv1mOsgBRQbae3JJ9e"""
"""6JORJI3KlKZfTwzMnxfPhY""","""0LyfQWJT6nXafLPZqxe9Of"""
"""6iEq2ShYcivUO03yefXa1y""","""6Zh3xrWlA0SA9Fsfj9AVwm"""
"""52BJ1S5NOv7eFD6ZFDZga2""","""3mQBpAOMWYqAZyxtyeo4Lo"""
"""091NaILFpszQchbFnIFiIX""","""2kreKea2n96dXjcyAU9j5N"""
"""1Fq1oCtmlSQabl1zIdoWCg""","""0NyzfcGDZZ6GM25EBG9BYK"""
"""2X8UOIkZQdcz2Hi5Ynt2uk""","""3fMbdgg4jU18AjLCKBhRSm"""
"""43lok9zd7BW5CoYkXZs7S0""","""6tbjWDEIzxoDsBA1FuhfPW"""
"""26t5mXFJxvVphBv2iRZwcX""","""0LyfQWJT6nXafLPZqxe9Of"""
"""1HRCspKjuNI3bGzZgvFU3y""","""4x1nvY2FN8jxqAFA0DA02H"""
"""51NPMfa9QfxsYtqzcB2VfY""","""6kz53iCdBSqhQCZ21CoLcc"""
"""0o9hrKTjZk0O3QAGYDSDD2""","""695W5F2Ih8dYahLdjVOIoH"""
"""2i9C6I8kbnGsbiQjJqr7Tp""","""6is2U7I1jlI8PjxNZOHIMV"""
"""7yDxJXFPl88Dt9kBo0dDD6""","""5NGO30tJxFlKixkPSgXcFE"""
"""1p4YwrjrP7t6Rfb755yoTQ""","""3lPQ2Fk5JOwGWAF3ORFCqH"""
"""6P3Fqm7z9wr5GeatpVZ5ut""","""3tufWJzpCiAGleBt5TkmTn"""
,
"""7r36rel1M4gyBavfcJP6Yz""","""6zFYqv1mOsgBRQbae3JJ9e"""
"""01E44toxYzz3bhCPeVW4RP""","""3VNITwohbvU5Wuy5PC6dsI"""
"""6qSmsdv6UxrqaB3oflB5Yy""","""6RCsx4p5smZHYz2P5HLcL2"""
"""4FZ9s0pelFSliPWhVEWRcC""","""0LyfQWJT6nXafLPZqxe9Of"""
"""6Dee9XTTIUh5zXRUguuC40""","""22bE4uQ6baNwSHPVcDxLCe"""
"""4B8MwUV7RpIy2d7DksNTEc""","""1E85wRssrgXOMUgmBOlpw6"""
"""1A1AKj7tAopU9MIZgWdSP9""","""0lZoBs4Pzo7R89JM9lxwoT"""
"""4YHQCvzRhFPYki87AK5Pdg""","""7ip3CWlgPZbQHvgJpmcGSS"""
"""5ycnwHGkzOlTuMOI3Zh4iO""","""6DCIj8jNaNpBz8e5oKFPtp"""
"""7blj6vlSm5UcGlpAt0HQdk""","""1Ha0Fz4i0d4gu5fZbhBCtH"""
"""3idoYtsp35kue1B8urp7Bw""","""3Fz2GbraVXhcpXnoi2Oe1r"""
,
,
"""2IU9ftOgyRL2caQGWK1jjX""","""6tbjWDEIzxoDsBA1FuhfPW"""
,
"""4oQhDQDKMeI6IMlwpXt3j8""","""6IRouO5mvvfcyxtPDKMYFN"""
"""08yanJqA75TPyDowCXvvPU""","""6mQfAAqZGBzIfrmlZCeaYT"""
"""0gCDvloPR42pZRZhmbGYVI""","""77tT1kLj6mCWtFNqiOmP9H"""
"""3myPwaMYjdwhtq0nFgeG6W""","""4bthk9UfsYUYdcFyqxmSUU"""
"""7jvcSnCnugLcisBCNBm60s""","""0WwSkZ7LtFUFjGjMZBMt6T"""
"""43lok9zd7BW5CoYkXZs7S0""","""6tbjWDEIzxoDsBA1FuhfPW"""
"""1ER3B6zev5JEAaqhnyyfbf""","""2jzc5TC5TVFLXQlBNiIUzE"""
"""1Mc07d9wxKEWY7hYBLAMII""","""0LyfQWJT6nXafLPZqxe9Of"""
"""5I9Kuo03PZNPMa2phDECnS""","""4QQgXkCYTt3BlENzhyNETg"""
"""35KafpmKh0nDLzBLV75MpR""","""55vs7NT1KxcFjbMC4y202E"""
"""0I0eWeNKn0flG4FryxVjGx""","""0kObWap02DEg9EAJ3PBxzf"""
"""0u34k1ANjgZ47uQfG9yaLj""","""7A9yZMTrFZcgEWAX2kBfK6"""
"""7dKQCCQnnkqgRQFxKRDqkJ""","""6hN9F0iuULZYWXppob22Aj"""
"""7kHRfUycADjHtr01YFXSOp""","""3VNITwohbvU5Wuy5PC6dsI"""
"""70P9doc1EAqyb36gRmaPcU""","""0LyfQWJT6nXafLPZqxe9Of"""
"""1YHw7JrXxh3pt6NBVEOuof""","""3vMWY1bUrmYoSoEWLiQWOZ"""
"""2O6gXGWFJcNrLYAqDINrDa""","""7sF6m3PpW6G6m6J2gzzmzM"""
"""7y7459SFZReE5Wec4hejv5""","""4bthk9UfsYUYdcFyqxmSUU"""
,
"""2MH37enG6IPvNK5QFLyKes""","""6XpaIBNiVzIetEPCWDvAFP"""
"""2o2G49EPi4lua5zgxUKhLL""","""3Z02hBLubJxuFJfhacLSDc"""
"""02f3y3NTsddjdUMoNiBppI""","""5lpH0xAS4fVfLkACg9DAuM"""
"""68moCweQx7EoMvHdZ6HzDc""","""1mFX1QlezK1lNPKQJkhwWb"""
"""4VXfAG3xDFDkt6OEuBHLqK""","""50zRydJXfkLzGIOj9mITfy"""
"""7n4OT3zEZaEiyKKd6mFAhi""","""5IDs1CK15HegSAhGEbSYXo"""
"""4he7R24eqd1EbF9kegiAK8""","""0LyfQWJT6nXafLPZqxe9Of"""
"""1YHw7JrXxh3pt6NBVEOuof""","""3vMWY1bUrmYoSoEWLiQWOZ"""
"""7J4vN1d089or6LJDdIQxdg""","""6h29EZDlc2NTvmCUe4yoXV"""
"""13xiHt25Hn4WZ6OLzhK1n8""","""6is2U7I1jlI8PjxNZOHIMV"""
"""1rVhockt4RAiZFaK3M3zPB""","""4lxfqrEsLX6N1N4OCSkILp"""
"""0fwGgCBAMQ0ItsxR7yBE8O""","""7J7YRBSoiXpdTmcbkKZL2C"""
"""7xbWtTByfdMWFfxXmeFFl0""","""0lZoBs4Pzo7R89JM9lxwoT"""
"""7xbWtTByfdMWFfxXmeFFl0""","""0lZoBs4Pzo7R89JM9lxwoT"""
"""1ICKrl6sDjJD1YdR9VDfPR""","""3iDD7bnsjL9J4fO298r0L0"""
"""0Kmw2yUjTfdaN1son7GTp5""","""2kreKea2n96dXjcyAU9j5N"""
"""5qxb9JwzVz5EqegShruoM8""","""43mhFhQ4JAknA7Ik1bOZuV"""
"""6QRiOSB53KZEe22LfWr6EP""","""6twIAGnYuIT1pncMAsXnEm"""
"""1V8qUSg1WAHf3dCrVYdJ5Z""","""6loBF9iQdE11WSX29fNKqY"""
,
"""6tHz4RCOU4zxevDqSS01sq""","""7nwUJBm0HE4ZxD3f5cy5ok"""
"""5BDE3Z6clvwbPoWWwiSyGp""","""0smy8yDrRoI4CnhpOuthg0"""
"""1rVhockt4RAiZFaK3M3zPB""","""4lxfqrEsLX6N1N4OCSkILp"""
"""7oYG4SA51T8d3QAMpImZ7G""","""5dcOK4stT4JDkP6Dqhbz5s"""
"""2MH37enG6IPvNK5QFLyKes""","""6XpaIBNiVzIetEPCWDvAFP"""
"""7t6t815Z23bjBVU4Qon6HD""","""26bcq2nyj5GB7uRr558iQg"""
"""20SrAySYqHsaUE4XGlH6Pv""","""3MdG05syQeRYPPcClLaUGl"""
,
"""5FbrTPPlaNSOsChhKUZxcu""","""5a2EaR3hamoenG9rDuVn8j"""
"""0gNeqVQyUq6SYzVSq7Suuo""","""5IDs1CK15HegSAhGEbSYXo"""
"""2x1s5aVQ01ylPs5nUdeA2i""","""5dbuFbrHa1SJlQhQX9OUJ2"""
"""4e98us0xixAXuFj5rntvf6""","""0LyfQWJT6nXafLPZqxe9Of"""
"""17mrdCgqrWfqpJlaCNGCdF""","""0Ty63ceoRnnJKVEYP0VQpk"""
"""5BG5Z2wbth8YRlOtlrlAFC""","""6eQHjJJa52LUGjBKP5UPos"""
"""1ZFC0iOKUp4M16eHXVaeG4""","""1zuJe6b1roixEKMOtyrEak"""
"""43lok9zd7BW5CoYkXZs7S0""","""6tbjWDEIzxoDsBA1FuhfPW"""
"""7gVHUNPQr0AE2A0Yf5MjqR""","""1zuJe6b1roixEKMOtyrEak"""
"""06J93pgtDCUw6bsAQINhCs""","""4bthk9UfsYUYdcFyqxmSUU"""
"""3rvuKtdAV2z6Gza7iZxcyd""","""0LyfQWJT6nXafLPZqxe9Of"""
"""19J58sh0DO8dbTFzafPXBC""","""47zz7sob9NUcODy0BTDvKx"""
"""0iv3gV69jA1YY2H0UTy9yF""","""0LyfQWJT6nXafLPZqxe9Of"""
"""1rVhockt4RAiZFaK3M3zPB""","""4lxfqrEsLX6N1N4OCSkILp"""
"""1FvdZ1oizXwF9bxogujoF0""","""2BTZIqw0ntH9MvilQ3ewNY"""
"""3AUHDaXUhZimlDLFh4sTDV""","""3Z02hBLubJxuFJfhacLSDc"""
"""0PMasrHdpaoIRuHuhHp72O""","""3eqjTLE0HfPfh78zjh6TqT"""
"""4legY6GltwUTc94X5pqjoE""","""0LyfQWJT6nXafLPZqxe9Of"""
"""7kHRfUycADjHtr01YFXSOp""","""3VNITwohbvU5Wuy5PC6dsI"""
"""2tbXCl8en5ZDVnHIk1OZGI""","""0NKDgy9j66h3DLnN8qu1bB"""
"""3XV87qO2zZj6o7q9rgYXxE""","""2s79xe5F6eUQkjwjww27Fh"""
"""0gOV46yCRVgdehR1SnFtuy""","""4STHEaNw4mPZ2tzheohgXB"""
"""7t6t815Z23bjBVU4Qon6HD""","""26bcq2nyj5GB7uRr558iQg"""
"""2o2G49EPi4lua5zgxUKhLL""","""3Z02hBLubJxuFJfhacLSDc"""
"""1UQG78YJjaBySRMh0A8Uw7""","""2TzHIUhVpeeDxyJPpQfnV3"""
"""02f3y3NTsddjdUMoNiBppI""","""5lpH0xAS4fVfLkACg9DAuM"""
"""6EQLKMRggF3e60ugh9GBmc""","""4Tvos0a5rRrBu4Oodu5f79"""
"""6EQLKMRggF3e60ugh9GBmc""","""4Tvos0a5rRrBu4Oodu5f79"""
"""3cyUzYBoA7MqeKBbT2pxya""","""1EemADz12kjlGwkpY4EINv"""
"""3nNWO9HUzi1xmWdd8779Uo""","""2EURsXo9qlt1aMWlviGCRi"""
"""2IU9ftOgyRL2caQGWK1jjX""","""6tbjWDEIzxoDsBA1FuhfPW"""
"""0PMasrHdpaoIRuHuhHp72O""","""3eqjTLE0HfPfh78zjh6TqT"""
"""4tUyNf5dGXwY4TaMaxwhqF""","""77tT1kLj6mCWtFNqiOmP9H"""
"""518KEiiREhbb0ks7rA6ACM""","""5jVeqi3PNaTOajfvBa4uFn"""
"""13xiHt25Hn4WZ6OLzhK1n8""","""6is2U7I1jlI8PjxNZOHIMV"""
"""1BYEhfr8qQGNhbqPAbfnxk""","""3lPQ2Fk5JOwGWAF3ORFCqH"""
"""0zM8rTVzPoT7SD4ZMds430""","""34jw2BbxjoYalTp8cJFCPv"""
"""5AlzNFQSRMs3iAnjfSQvi0""","""0KyCXNSa7ZMb5LydfKbLG3"""
"""4sFz1uD20vPcc7Rk70RR0d""","""3VNITwohbvU5Wuy5PC6dsI"""
"""0wELDKiN6EnDFXc9HvvNPy""","""0LyfQWJT6nXafLPZqxe9Of"""
"""6U9fEF6ZUIDM8M03JNB9I4""","""1EgGVV9cmmlLEsFlunjmvv"""
"""0PMasrHdpaoIRuHuhHp72O""","""3eqjTLE0HfPfh78zjh6TqT"""
"""7gVHUNPQr0AE2A0Yf5MjqR""","""1zuJe6b1roixEKMOtyrEak"""
"""2d3WbGqfYOKrKNcDliIF6L""","""7nwUJBm0HE4ZxD3f5cy5ok"""
"""17mrdCgqrWfqpJlaCNGCdF""","""0Ty63ceoRnnJKVEYP0VQpk"""
"""1W1b52vaEcE3wfWk4WQH6q""","""3gMaNLQm7D9MornNILzdSl"""
"""2x1s5aVQ01ylPs5nUdeA2i""","""5dbuFbrHa1SJlQhQX9OUJ2"""
"""43lok9zd7BW5CoYkXZs7S0""","""6tbjWDEIzxoDsBA1FuhfPW"""
"""7blj6vlSm5UcGlpAt0HQdk""","""1Ha0Fz4i0d4gu5fZbhBCtH"""
"""7oYG4SA51T8d3QAMpImZ7G""","""5dcOK4stT4JDkP6Dqhbz5s"""
"""5ndPgrypUzMo4djcGiD3dP""","""0TF2NxkJZPQoX1H53rEFM1"""
"""5IvqScO5vIXQ2zrxtpCVHf""","""3gMaNLQm7D9MornNILzdSl"""
"""6BRJg0D2EhGq3LlHNDNJvH""","""2wh5Qu35PjDbJBqAv65RGa"""
,
"""682sQ449vmcJXS2AGIMrsl""","""7Bah8E0kCETqEpAHI6CPzQ"""
"""2MH37enG6IPvNK5QFLyKes""","""6XpaIBNiVzIetEPCWDvAFP"""
"""2ghvihRomDb37X59VK6hp5""","""1Zq8pfBl4ejCMrWdeAdphc"""
"""3t3BbpFJiGcXl4jI5CRLLA""","""4o6DE8hZbgTTInaDQDEQVa"""
"""0qCccU99b8JabM1xPpWJKh""","""7Bah8E0kCETqEpAHI6CPzQ"""
"""73bPiJRwVPkE8dpyCikfFd""","""530Sdm7eqqzWBdDmILMgnu"""
"""2MH37enG6IPvNK5QFLyKes""","""6XpaIBNiVzIetEPCWDvAFP"""
"""31j5ZI5u1bMPFwdWWe7g6D""","""2YdVmtVBpIrv0N6WiBzSqm"""
"""0p1vSYlMCcJnK8xvGk0nZv""","""4OvZ8Dx72DO6lo6DRL6vjK"""
"""1O2sEdKLsSHROEyYgUQmnb""","""5xWPOujQqd4wXyB08slZ9Z"""
"""3rnhCB65fDQFokoeKHmM0F""","""2ycnb8Er79LoH2AsR5ldjh"""
"""7oUQQI3USlnBTUeN6KXXoo""","""5IDs1CK15HegSAhGEbSYXo"""
"""1rVE0IjnaGFeE9cEuK0Pub""","""6hN9F0iuULZYWXppob22Aj"""
"""0zM8rTVzPoT7SD4ZMds430""","""34jw2BbxjoYalTp8cJFCPv"""
"""54DjkEN3wdCQgfCTZ9WjdB""","""5a2EaR3hamoenG9rDuVn8j"""
"""3bl2ynZYqr4l37MQ2Wense""","""0LyfQWJT6nXafLPZqxe9Of"""
"""5L0vaNLbzgP8RIJqs1zamE""","""7A9yZMTrFZcgEWAX2kBfK6"""
"""4pk3tltFMVlT06MLJfmWTT""","""1fa0cOhromAZdq2xRA4vv8"""
"""6dGleywwBMTF8OCZnAml8b""","""0LyfQWJT6nXafLPZqxe9Of"""
"""0I0eWeNKn0flG4FryxVjGx""","""0kObWap02DEg9EAJ3PBxzf"""
"""4Mu7aaT2AUrNVL2WQ29kAk""","""1aX2dmV8XoHYCOQRxjPESG"""
"""3GDOnLCioGbwCWMi0SNqat""","""0LyfQWJT6nXafLPZqxe9Of"""
"""6K8iDZW8jPaoiqSzFFebJA""","""0LyfQWJT6nXafLPZqxe9Of"""
"""2i8LSt217Yw5X0HlFtkjVY""","""0hLd40hVpRDGENe4KGZLnW"""
"""6fmnT17jc2Sc69q3nza1eD""","""6tbjWDEIzxoDsBA1FuhfPW"""
"""5uU2uM1RGHfzlA12opjqol""","""58lV9VcRSjABbAbfWS6skp"""
"""3UYqus5v0Vmo1expg58Zu0""","""5IDs1CK15HegSAhGEbSYXo"""
"""7GWkceE5McMVfffd1RGL6Y""","""4qwGe91Bz9K2T8jXTZ815W"""
"""0zM8rTVzPoT7SD4ZMds430""","""34jw2BbxjoYalTp8cJFCPv"""
"""6mOJn5irB4sxCmJfJM0GHL""","""53RaPTbZOx2mBoZD6LLWIv"""
"""6fmnT17jc2Sc69q3nza1eD""","""6tbjWDEIzxoDsBA1FuhfPW"""
"""3rGWLghhDdCb4EK50iAIMZ""","""7xkAwz0bQTGDSbkofyQt3U"""
"""43lw3eUmzsmn3YSxUiMY9x""","""0L9xkvBPcEp1nrhDrodxc5"""
"""3a9oQS937N6vpfBZIW7oaD""","""0LyfQWJT6nXafLPZqxe9Of"""
"""5IvqScO5vIXQ2zrxtpCVHf""","""3gMaNLQm7D9MornNILzdSl"""
"""70ziXyCSplSPUpFmq9kh6M""","""18xgcedCGxFbqLbIQn5R8F"""
"""31TRqoVBTQi0lzlPLtvINn""","""2BTZIqw0ntH9MvilQ3ewNY"""
"""3uN87hwClF0hult2cxMbAW""","""3Y3xIwWyq5wnNHPp5gPjOW"""
"""7GWkceE5McMVfffd1RGL6Y""","""4qwGe91Bz9K2T8jXTZ815W"""
"""66dF5rffxt9GLcrmyuS6li""","""6loBF9iQdE11WSX29fNKqY"""
"""3Z4g149VhJYZMQ3cGTGgJl""","""0LyfQWJT6nXafLPZqxe9Of"""
"""5oVEYSKnS4N9D6hBKzBKih""","""530Sdm7eqqzWBdDmILMgnu"""
"""70ziXyCSplSPUpFmq9kh6M""","""18xgcedCGxFbqLbIQn5R8F"""
"""0ZlP1vdxHVY3ubsPgFudOV""","""51l0uqRxGaczYr4271pVIC"""
"""7jvcSnCnugLcisBCNBm60s""","""0WwSkZ7LtFUFjGjMZBMt6T"""
"""3ZjhhUHc4jFc6ZOTchjXsv""","""29kkCKKGXheHuoO829FxWK"""
"""71st36nPTXAgWnEaNg9AZa""","""3q8tRS0hCMVCylgKAoA0ya"""
"""1J0KuFjzTYeVLLV5Jqtan9""","""3AHq6rutf72JF0ul8GB6G2"""
"""3FSWIgpM4r649Pgr6KoMNf""","""7wJ9NwdRWtN92NunmXuwBk"""
"""632b0oXuFpstA4DO2cUKdG""","""3CkvROUTQ6nRi9yQOcsB50"""
"""4wyIhW3v0MeP9jIElOMiXR""","""47zz7sob9NUcODy0BTDvKx"""
"""1U6tgUieq2uuKip6DVxM31""","""1eClJfHLoDI4rZe5HxzBFv"""
"""7q0dYnAjmqZBJLhMBre8aL""","""7crPfGd2k81ekOoSqQKWWz"""
"""7GWkceE5McMVfffd1RGL6Y""","""4qwGe91Bz9K2T8jXTZ815W"""
"""590LYMDhJ9uUglR8QeNGWz""","""4Tw2N3wdvJPGEU7JqMxFfE"""
"""3OCmVGmewrfW3eZmLhRAIX""","""7FAkzV0YOw0EIXFhmY4RE3"""
"""3kDq0nsk9B7EJ9MhaPXuqj""","""1vgjN6nIPNKiiQGE9PtzTT"""
"""5FfkiNcXAvagExRCLd8nn4""","""1zxDewzd2j1ZdSBGaYcr0y"""
"""6ZJD7uT643TvniNyAk90bd""","""5lpH0xAS4fVfLkACg9DAuM"""
"""19aNtdJs4pkuYDWYDEAGUf""","""59luKpdal8UwxcuLJNoKwS"""
"""3t3BbpFJiGcXl4jI5CRLLA""","""4o6DE8hZbgTTInaDQDEQVa"""
"""4apfDLU5QtNOu784u2Z2B5""","""3lPQ2Fk5JOwGWAF3ORFCqH"""
"""4WtFh6jQ53Pn0PdkUhWgYK""","""5xO4f5QyPMYnCPRyRveBSD"""
"""1W8kHQQC7DXg1inR7ZWqhA""","""545idYhdloaSlLGBY8E9u2"""
"""5Ew5vOg3PYyT9QUPCrdIZq""","""2cnMpRsOVqtPMfq7YiFE6K"""
,
"""1C9kaOfbTQ9dxYM4E2Yju2""","""1zuJe6b1roixEKMOtyrEak"""
"""1BYEhfr8qQGNhbqPAbfnxk""","""3lPQ2Fk5JOwGWAF3ORFCqH"""
"""2AclHzFubT46QrjWFSfkk9""","""6czfQ8MjHVmvJKA4LAnviG"""
"""7pXUIU9n8JXEbQS95sodGr""","""2yTUYhIf8fxptTIy3KLuJD"""
,
"""6fmnT17jc2Sc69q3nza1eD""","""6tbjWDEIzxoDsBA1FuhfPW"""
"""5FO7qQ8VtTm11avszyHdhT""","""67tgMwUfnmqzYsNAtnP6YJ"""
"""3T77PrRnq17gBhcctDtDC1""","""1JVoO5bwfU8GNuAZLpBoHe"""
"""70ziXyCSplSPUpFmq9kh6M""","""18xgcedCGxFbqLbIQn5R8F"""
"""1YRTFKHD0QDO2QAKvU4mLz""","""2AM4ilv6UzW0uMRuqKtDgN"""
"""6ooUxOl89UHr11ADJjGQlH""","""6DCIj8jNaNpBz8e5oKFPtp"""
"""16B8kK28QgKIYTb7XyLMuj""","""2y8Jo9CKhJvtfeKOsYzRdT"""
"""0Jkqv4qmznXpfa0tLzxG23""","""6OQrOpxSIfPai3cFaN4v4P"""
"""632b0oXuFpstA4DO2cUKdG""","""3CkvROUTQ6nRi9yQOcsB50"""
"""7cSFuH8OJIEuc0gfAwXiSu""","""3J9tQvcK0bY3CcVcgRELxH"""
"""45CkfLvmv7Aub6mFc7QwI8""","""2HMuzFmTtwL4ur1zJNCU7f"""
"""1uzIyRT1QxDx4fMIX0UiAE""","""3PhoLpVuITZKcymswpck5b"""
"""1rVhockt4RAiZFaK3M3zPB""","""4lxfqrEsLX6N1N4OCSkILp"""
,
"""3GDOnLCioGbwCWMi0SNqat""","""0LyfQWJT6nXafLPZqxe9Of"""
"""5dY18oz4mvg4ouRMz7oZTm""","""5BcZ22XONcRoLhTbZRuME1"""
,
"""1RuIZ3XuB6TFN11ApV2tgG""","""6W9OZQ862LR0HM76QQJJY3"""
"""3jyMsASTmScsoOLiKcSHsY""","""5jit9WjiAxxvdA0onOHBLd"""
"""6A6lqTSqNEQwanoGsw8sPK""","""3KpLtTMpLAko7nBDmiYg7Z"""
"""36SbpyfajFqj2XwJUFd14c""","""5jVeqi3PNaTOajfvBa4uFn"""
"""5IvqScO5vIXQ2zrxtpCVHf""","""3gMaNLQm7D9MornNILzdSl"""
"""3coLNlyStg9h7f8CZ103Rl""","""19ra5tSw0tWufvUp8GotLo"""
"""2FsaIC8jrXvWGIfokVZ4Jg""","""0PFtn5NtBbbUNbU9EAmIWF"""
"""1nLKZqTGA48v3I8dNFkvQt""","""7guDJrEfX3qb6FEbdPA5qi"""
"""4yaX6Gmlvo42PnGgBdhzGf""","""51l0uqRxGaczYr4271pVIC"""
"""56dfEbntfVTMCxjrjggL1e""","""34jw2BbxjoYalTp8cJFCPv"""
"""0MYHBkw7zPuoZBF0irBFm3""","""6zdcmro5vDQSUjeioajL2r"""
"""5Vdzprr5cOqXQo44eHeV7t""","""6XpaIBNiVzIetEPCWDvAFP"""
"""6FTFKwFEs3hwpnj68VKXg3""","""0kObWap02DEg9EAJ3PBxzf"""
"""42fYChDO5P83qQ4NQs6bS4""","""4NkLjsRsFnuPu9B4zqzBqq"""
"""5HSdx1824FepWuf8NbG7B3""","""3UbyYnvNIT5DFXU4WgiGpP"""
"""7eVTUyrvF9hQR3K0tOGGQi""","""5UloVKzUNJcjORzhhTWWiJ"""
"""74BnQfE4kxFWcZLu8FIDbL""","""0LyfQWJT6nXafLPZqxe9Of"""
"""5uU2uM1RGHfzlA12opjqol""","""58lV9VcRSjABbAbfWS6skp"""
"""0FPwLfwQWd91kV5rZTzMlZ""","""6OWapcJm9xd55ci9CYbAuT"""
"""741fWPbQLcaYT0uVL32KCS""","""6Zh3xrWlA0SA9Fsfj9AVwm"""
"""1dJpgn1rqvvr4yyNYLEYBG""","""7ohlPA8dRBtCf92zaZCaaB"""
"""5gK0fkRx9h3OP8opU2sFpr""","""2YdVmtVBpIrv0N6WiBzSqm"""
"""2t4UTpa53ALkISHhiKrEtv""","""51Blml2LZPmy7TTiAg47vQ"""
"""2Fa9jKPOzCGh5Yw74wuSKE""","""71aKjsWKYqASAffyIQaocZ"""
"""3kDq0nsk9B7EJ9MhaPXuqj""","""1vgjN6nIPNKiiQGE9PtzTT"""
"""0ORrRtBqjERyBBZWSsSw9C""","""4C3uGP8vRDzxrhJxZiOjTe"""
"""0dvStBuexp9Chq1hg3Yjes""","""7lzordPuZEXxwt9aoVZYmG"""
"""3f9rbliKGTav57Ivvb9Wzu""","""1QQBo7mfkehMjDfz1tj5Pq"""
"""6RJqQS7ItFb4MJZNVnItPx""","""2RpHsROrX075xfIwHn6B2U"""
"""5Vdzprr5cOqXQo44eHeV7t""","""6XpaIBNiVzIetEPCWDvAFP"""
"""5y6wlw1LnqFnQFruMeiwGU""","""51Blml2LZPmy7TTiAg47vQ"""
"""34K1Kvskt9arWy8E1Gz3Lw""","""19ra5tSw0tWufvUp8GotLo"""
"""0XDQSfVgj5DM0P6w9qKQqP""","""0lZoBs4Pzo7R89JM9lxwoT"""
"""2I2QfpWLoBCOSG8Qa7xD8b""","""18jZvCsW1PJ4FDQ5gEXuKp"""
"""2Ll0rYVkAHV0QT7P2vknQc""","""1BwHztAQKypBuy5WBEdJnG"""
,
"""5bpExIDtRjmIzOIoGonn4R""","""4kEAjV4pCBOkoowYYQydvO"""
"""43lok9zd7BW5CoYkXZs7S0""","""6tbjWDEIzxoDsBA1FuhfPW"""
"""3kDq0nsk9B7EJ9MhaPXuqj""","""1vgjN6nIPNKiiQGE9PtzTT"""
"""6P6YSjfWz53suf41Bqt9BH""","""3cniTumSiUysiPWXapGx1i"""
"""4PbG9Ygfp3vDNhe9yKH1DN""","""0LyfQWJT6nXafLPZqxe9Of"""
"""7g47QK9nosKX9B2zdd8yTs""","""73a6pNH4YtLNgDbPQwXveo"""
"""2V1agf5NiLNSziJTRSTDcS""","""2hnzQ6eCFkxUIPsVcsdj8A"""
"""3coLNlyStg9h7f8CZ103Rl""","""19ra5tSw0tWufvUp8GotLo"""
"""7GWkceE5McMVfffd1RGL6Y""","""4qwGe91Bz9K2T8jXTZ815W"""
"""1XsXHctYSQNyAd9BANCk2B""","""5a2EaR3hamoenG9rDuVn8j"""
,
"""632b0oXuFpstA4DO2cUKdG""","""3CkvROUTQ6nRi9yQOcsB50"""
"""0u34k1ANjgZ47uQfG9yaLj""","""7A9yZMTrFZcgEWAX2kBfK6"""
"""21vHnROXDZY51gJxsjTLXZ""","""6tbjWDEIzxoDsBA1FuhfPW"""
"""7hQLMo5EB7gv4kEMDOyPQ2""","""3AHq6rutf72JF0ul8GB6G2"""
"""0ULg91Rf3twUQOlCc6ElY6""","""0ym94xKp2PIOJtTZKpxbAa"""
,
"""21vHnROXDZY51gJxsjTLXZ""","""6tbjWDEIzxoDsBA1FuhfPW"""
"""632b0oXuFpstA4DO2cUKdG""","""3CkvROUTQ6nRi9yQOcsB50"""
"""7GWkceE5McMVfffd1RGL6Y""","""4qwGe91Bz9K2T8jXTZ815W"""
"""5L0vaNLbzgP8RIJqs1zamE""","""7A9yZMTrFZcgEWAX2kBfK6"""
"""6CttJqwyQqtUbElzGjNrHa""","""3iDD7bnsjL9J4fO298r0L0"""
"""7CWZNdANL2ZYQs3JfdxoM5""","""08GQAI4eElDnROBrJRGE0X"""
"""5w4IN5bPXAQD5iAVPNqvMg""","""3X0tJzVYoWlfjLYI0Ridsw"""
"""6tTzPyVc9apP6g9AbYFpDf""","""3sc7iUG1Wwpwx7bHeZolgx"""
"""3C2cO3wo4f2bLzOpFypgmZ""","""0grdhNhiRLFBaFVyybqsj6"""
"""60rdfC2E2N1pbnBoDSbtcP""","""6I3M904Y9IwgDjrQ9pANiB"""
"""5Jkd47JEaCU1g4DcGBnHm3""","""7Js6Lde8thlIHXggv2SCBz"""
"""0Kwk6arYrNHMXkC3wR3gGJ""","""67NN7SgdxKesGnxZOB8YeX"""
"""43lok9zd7BW5CoYkXZs7S0""","""6tbjWDEIzxoDsBA1FuhfPW"""
"""24TAupSNVWSAHL0R7n71vm""","""3fMbdgg4jU18AjLCKBhRSm"""
"""1XsXHctYSQNyAd9BANCk2B""","""5a2EaR3hamoenG9rDuVn8j"""
"""31TRqoVBTQi0lzlPLtvINn""","""2BTZIqw0ntH9MvilQ3ewNY"""
"""6JfAxq3fh9CNZZcNxBaQOd""","""5nPz5R1FDPTMI3Dw4JnTGb"""
,
"""0dvStBuexp9Chq1hg3Yjes""","""7lzordPuZEXxwt9aoVZYmG"""
,
"""37EiS3dMkbARhXiI09oljs""","""4phr5rAgWhcZtWJu8w8lKv"""
"""18Fj7coTfyMi7mEPXIweN7""","""3plJVWt88EqjvtuB4ZDRV3"""
"""632b0oXuFpstA4DO2cUKdG""","""3CkvROUTQ6nRi9yQOcsB50"""
"""6mOJn5irB4sxCmJfJM0GHL""","""53RaPTbZOx2mBoZD6LLWIv"""
"""1QJEgE0nBRNX7wSig3VvmA""","""2s79xe5F6eUQkjwjww27Fh"""
"""0WaL0OxrZNxs0sXEwwzs82""","""7BLOa6FxCbMnowidkQfLIA"""
"""5wkQo9u8qrKOdfGqoizWPo""","""5IFCkqu9J6xdWeYMk5I889"""
"""5tBvVqK2M7wiBwOQEcnRkp""","""2XzHxDFTNywDd5ReMhgxkg"""
"""5uU2uM1RGHfzlA12opjqol""","""58lV9VcRSjABbAbfWS6skp"""
"""03vbBzMixGmaO6J2jEh1tp""","""23i5dMV7p0CSMcUBXk09lA"""
"""6qvzR5ZEQ3hbaAGErLntv5""","""5gxynDEKwNDgxGJmJjZyte"""
"""1FXuGD6YE7ACG6chzEEC3a""","""5nPz5R1FDPTMI3Dw4JnTGb"""
"""6Tl2FvcUsmqPyZ7bcjmgkr""","""26bcq2nyj5GB7uRr558iQg"""
"""72AKESbPVJH2P2lq7i1owF""","""4qwGe91Bz9K2T8jXTZ815W"""
"""6JfAxq3fh9CNZZcNxBaQOd""","""5nPz5R1FDPTMI3Dw4JnTGb"""
"""7CWZNdANL2ZYQs3JfdxoM5""","""08GQAI4eElDnROBrJRGE0X"""
"""6fR5edAXR1JVbrN5F6R68D""","""7CnmC3gRgLev4I609BrSxj"""
"""1dJpgn1rqvvr4yyNYLEYBG""","""7ohlPA8dRBtCf92zaZCaaB"""
"""0nrix7x6NKkkBEi5WOTfPO""","""3Z02hBLubJxuFJfhacLSDc"""
"""65kb5QQ9XBwQmxTdcyF1I8""","""0bByarMN8ryEFQsRo6iCUN"""
"""5Qcef60m4gcckV24PmPYVq""","""3eqjTLE0HfPfh78zjh6TqT"""
"""6ryxrWXziVZS9WaEOJ6v9V""","""0h9smro0z3HqUbD94jotU8"""
"""56dfEbntfVTMCxjrjggL1e""","""34jw2BbxjoYalTp8cJFCPv"""
"""6rxzZy3MrOPWL7GYBpRjlA""","""0LyfQWJT6nXafLPZqxe9Of"""
"""7hQLMo5EB7gv4kEMDOyPQ2""","""3AHq6rutf72JF0ul8GB6G2"""
"""0U0H36ivPJWpsHCDPBy7BJ""","""3VNITwohbvU5Wuy5PC6dsI"""
"""07M95spCCTwAnUS2d9YrK8""","""37VhgKcbq9YOse66sppnyz"""
"""0u34k1ANjgZ47uQfG9yaLj""","""7A9yZMTrFZcgEWAX2kBfK6"""
"""7mTQuuDqjHsEiDX7WCHNQG""","""4nsuck0htFQjVl6OCKVzRb"""
"""5IvqScO5vIXQ2zrxtpCVHf""","""3gMaNLQm7D9MornNILzdSl"""
"""5WtMgGIexFuhipmaqUMi3Z""","""3Y3xIwWyq5wnNHPp5gPjOW"""
"""6P6YSjfWz53suf41Bqt9BH""","""3cniTumSiUysiPWXapGx1i"""
"""0V1gc6yb1suhiDj5IVOgXj""","""0LyfQWJT6nXafLPZqxe9Of"""
,
"""0lO8fAlD6slgh1z9vuYmZO""","""6h29EZDlc2NTvmCUe4yoXV"""
"""34K1Kvskt9arWy8E1Gz3Lw""","""19ra5tSw0tWufvUp8GotLo"""
"""7cuwWzS0oiApEt2fpKafkX""","""1eClJfHLoDI4rZe5HxzBFv"""
"""1nbq8GgaVdINI3PulXvPUq""","""7FIoB5PHdrMZVC3q2HE5MS"""
"""6XhjNHCyCDyyGJRM5mg40G""","""0gxyHStUsqpMadRV0Di1Qt"""
"""5JKFiC2WVi9HtvJEm8CUB8""","""3qm84nBOXUEQ2vnTfUTTFC"""
"""5Vdzprr5cOqXQo44eHeV7t""","""6XpaIBNiVzIetEPCWDvAFP"""
"""4PLM698gAODdpx7Wy3LNPj""","""7xkAwz0bQTGDSbkofyQt3U"""
"""0ORrRtBqjERyBBZWSsSw9C""","""4C3uGP8vRDzxrhJxZiOjTe"""
"""2t2kQu1Zd9vZRb71Vx1ASf""","""1MNeXu0284O7mQWgF1YRc0"""
"""6EGZHq3euiuESgxmzhIfSN""","""5gxynDEKwNDgxGJmJjZyte"""
"""3coLNlyStg9h7f8CZ103Rl""","""19ra5tSw0tWufvUp8GotLo"""
"""0Jh7XIEQrNQAXm7a6hbJ1h""","""0LyfQWJT6nXafLPZqxe9Of"""
"""0Jh7XIEQrNQAXm7a6hbJ1h""","""0LyfQWJT6nXafLPZqxe9Of"""
"""37P9MBdJRekfOIbPSX9alR""","""1LB8qB5BPb3MHQrfkvifXU"""
"""07Vx4BMLibfALsM5pkSyVP""","""5IDs1CK15HegSAhGEbSYXo"""
"""6JfAxq3fh9CNZZcNxBaQOd""","""5nPz5R1FDPTMI3Dw4JnTGb"""
"""0CCJc4HNZTsrGFQfI7lnx9""","""3UbyYnvNIT5DFXU4WgiGpP"""
"""71PmOFaOGeDbvnhxGmgEdS""","""6mRev5KzKOgQcZjWanwBdd"""
"""5eJnzLcFCVt0Wcepaj6GiW""","""6H1RjVyNruCmrBEWRbD0VZ"""
"""2qZbZ7HCovscrsGYc0bRWA""","""32lVGr0fSRGT6okLKHiP68"""
"""24TAupSNVWSAHL0R7n71vm""","""3fMbdgg4jU18AjLCKBhRSm"""
"""2I2QfpWLoBCOSG8Qa7xD8b""","""18jZvCsW1PJ4FDQ5gEXuKp"""
"""1JvTsWrfYs2PR1PdSJXipq""","""530Sdm7eqqzWBdDmILMgnu"""
"""3C2cO3wo4f2bLzOpFypgmZ""","""0grdhNhiRLFBaFVyybqsj6"""
"""02CxAhdSRhzcm6XQ8m5RNp""","""2ekjTXgjxbWwBX5lTAj4DU"""
"""2x3S4pCzJSpvObdkK8PY4u""","""6zpPKMhpOoG646kJgZ7RKf"""
"""34K1Kvskt9arWy8E1Gz3Lw""","""19ra5tSw0tWufvUp8GotLo"""
"""0LN3I0BrJQ6TtG8gjaBSFx""","""0ym94xKp2PIOJtTZKpxbAa"""
"""7yZHLfxqiGPbSQLrVJljah""","""4lxfqrEsLX6N1N4OCSkILp"""
"""6CKFGOR75rLuIbXX13kUgu""","""6H1RjVyNruCmrBEWRbD0VZ"""
"""3C2cO3wo4f2bLzOpFypgmZ""","""0grdhNhiRLFBaFVyybqsj6"""
"""0cDk0iAYdLlwD1fmLN6ayo""","""18jZvCsW1PJ4FDQ5gEXuKp"""
"""4bXTYQ8nVBYO4k3C3TOVri""","""6XpaIBNiVzIetEPCWDvAFP"""
"""3XYqOJI1YlX40kJTdzFEzp""","""7Ey4PD4MYsKc5I2dolUwbH"""
,
"""24TAupSNVWSAHL0R7n71vm""","""3fMbdgg4jU18AjLCKBhRSm"""
"""4zhRkgoZKC2xCPPys1gK4b""","""2FjkZT851ez950cyPjeYid"""
"""02CxAhdSRhzcm6XQ8m5RNp""","""2ekjTXgjxbWwBX5lTAj4DU"""
"""05owfigVGpgPe7RKJG1hum""","""69MEO1AADKg1IZrq2XLzo5"""
,
"""3mcKOl0KNe65BqiBa40WxR""","""58lV9VcRSjABbAbfWS6skp"""
"""6cSZPNsr3tMEHo5QrMjk1F""","""3oDbviiivRWhXwIE8hxkVV"""
"""1uzIyRT1QxDx4fMIX0UiAE""","""3PhoLpVuITZKcymswpck5b"""
"""6XhjNHCyCDyyGJRM5mg40G""","""0gxyHStUsqpMadRV0Di1Qt"""
"""5E68z4OgQrR446xVOxZKs6""","""19ra5tSw0tWufvUp8GotLo"""
"""7cuwWzS0oiApEt2fpKafkX""","""1eClJfHLoDI4rZe5HxzBFv"""
"""3C2cO3wo4f2bLzOpFypgmZ""","""0grdhNhiRLFBaFVyybqsj6"""
"""6CttJqwyQqtUbElzGjNrHa""","""3iDD7bnsjL9J4fO298r0L0"""
"""6RPMswKmk1tC7uYUfvwlaV""","""4RVnAU35WRWra6OZ3CbbMA"""
"""1rpYTarp7Bam68zdhw7EXG""","""2ycnb8Er79LoH2AsR5ldjh"""
"""7hQLMo5EB7gv4kEMDOyPQ2""","""3AHq6rutf72JF0ul8GB6G2"""
"""3bv0NUg3BXwT5Uh4PW4zUD""","""6bJUzb3mLEYCkTAp7eNJgO"""
"""5sZeWcdXYHq9MbNDSOMqCP""","""32lVGr0fSRGT6okLKHiP68"""
"""2I2QfpWLoBCOSG8Qa7xD8b""","""18jZvCsW1PJ4FDQ5gEXuKp"""
"""16Ekp385tuuCTdoEakzEv3""","""71aKjsWKYqASAffyIQaocZ"""
"""7hIoJcH4ObWasDFq78u1x9""","""51Blml2LZPmy7TTiAg47vQ"""
"""4PLM698gAODdpx7Wy3LNPj""","""7xkAwz0bQTGDSbkofyQt3U"""
"""0t6biFs9lqCtyAeou75zyA""","""1JpHKf8Ztyd8HXU8p6m9cc"""
"""65aE9zdkm5FkDhrXozvAux""","""3GMoVpWJy4smKuxFuFTwXC"""
"""2zwv0LKTv8HDnYGfvFBmwj""","""702AvACMk5mieXIYlC2Gxx"""
"""24TAupSNVWSAHL0R7n71vm""","""3fMbdgg4jU18AjLCKBhRSm"""
,
"""1DC4atftJXraE8Bsx6QmyQ""","""702AvACMk5mieXIYlC2Gxx"""
"""0u34k1ANjgZ47uQfG9yaLj""","""7A9yZMTrFZcgEWAX2kBfK6"""
"""7cuwWzS0oiApEt2fpKafkX""","""1eClJfHLoDI4rZe5HxzBFv"""
"""1USlrebFeGbS6azPraD39T""","""4Xe7UmOgczT2GMm5uK8Axu"""
"""1bTjSqotSDtUjcwFfukTQP""","""1mFX1QlezK1lNPKQJkhwWb"""
"""7hQLMo5EB7gv4kEMDOyPQ2""","""3AHq6rutf72JF0ul8GB6G2"""
"""6zpoiQdsCWUO4ABaksSBhr""","""5xWPOujQqd4wXyB08slZ9Z"""
"""1aYjx4tcmci0lYwT5sKgvM""","""1LB8qB5BPb3MHQrfkvifXU"""
"""1uzIyRT1QxDx4fMIX0UiAE""","""3PhoLpVuITZKcymswpck5b"""
"""4EEyCnj2fZu1eInXpLfZZW""","""77tT1kLj6mCWtFNqiOmP9H"""
"""7w6HSgAb9MseMM4DDx3Ls2""","""6IRouO5mvvfcyxtPDKMYFN"""
"""6GXk2hxl4q5GoPHarlUet8""","""2r09Inibex3C4ZNTUVSG3m"""
"""5G6VHEradat2zUbr9cmCtM""","""5tTsrGPwQRWUsHR2Xf7Ke9"""
"""6hmmX5UP4rIvOpGSaPerV8""","""7oPgCQqMMXEXrNau5vxYZP"""
"""5Pf2kkz10HySmJjWu2Fhd4""","""3IUisqn0mluZR0LITs8Sqk"""
,
"""44w4sVYJVQzhH2dN3IwyIK""","""62sPt3fswraiEPnKQpAbdE"""
"""4wcFyCDvWuIAIIfemgtNUv""","""2ycnb8Er79LoH2AsR5ldjh"""
,
"""3KufjKt0L2EVahGfxOYJhg""","""2cnMpRsOVqtPMfq7YiFE6K"""
,
"""0iiFnhN7atbvqhFmzem4Nc""","""0Ty63ceoRnnJKVEYP0VQpk"""
,
"""7w6HSgAb9MseMM4DDx3Ls2""","""6IRouO5mvvfcyxtPDKMYFN"""
"""3RjOQ5eRm9f5kf6ysRpByu""","""1fvz0vd4P0LNMkAysF1ivk"""
"""6qvzR5ZEQ3hbaAGErLntv5""","""5gxynDEKwNDgxGJmJjZyte"""
"""4bXTYQ8nVBYO4k3C3TOVri""","""6XpaIBNiVzIetEPCWDvAFP"""
"""3iFJF65Vc8nhkASihDVOrn""","""0LyfQWJT6nXafLPZqxe9Of"""
"""3coLNlyStg9h7f8CZ103Rl""","""19ra5tSw0tWufvUp8GotLo"""
"""4apfDLU5QtNOu784u2Z2B5""","""3lPQ2Fk5JOwGWAF3ORFCqH"""
"""1YG3kvmNSJFpyanzZsWf8W""","""5Ne8hQEmy0eZu9hlE3j58B"""
"""0NxtOR1ND3Qygex4ACA0z9""","""72OaDtakiy6yFqkt4TsiFt"""
"""7cuwWzS0oiApEt2fpKafkX""","""1eClJfHLoDI4rZe5HxzBFv"""
"""67GJ1YfGLgqvcxifvKyOBU""","""5gxynDEKwNDgxGJmJjZyte"""
"""2mYFKWSxCYhLHSXsjLDmp4""","""0KyCXNSa7ZMb5LydfKbLG3"""
"""2AMWVB3FWknjcMeb6hMZnd""","""1fBCIkoPOPCDLUxGuWNvyo"""
"""45jAG1Yxe3gdYoTKRxu6vE""","""3nLYJvqbEzs5kg2TlprxIG"""
"""5sZeWcdXYHq9MbNDSOMqCP""","""32lVGr0fSRGT6okLKHiP68"""
"""6CttJqwyQqtUbElzGjNrHa""","""3iDD7bnsjL9J4fO298r0L0"""
"""44w4sVYJVQzhH2dN3IwyIK""","""62sPt3fswraiEPnKQpAbdE"""
"""2AMWVB3FWknjcMeb6hMZnd""","""1fBCIkoPOPCDLUxGuWNvyo"""
"""7zduRJgS6v79QmNUhKGozu""","""4PpmBoqphQusNFsxuVKb6j"""
"""4OD3LU6001esAtFshDX46M""","""4qwGe91Bz9K2T8jXTZ815W"""
"""7zduRJgS6v79QmNUhKGozu""","""4PpmBoqphQusNFsxuVKb6j"""
"""0pVxC28TGjIk0SEqm7wUCD""","""13y0kncDD4J9wxCyfKr10W"""
"""67QUZa2DQaBdeQvPQGfSkL""","""3vRclCt9VnNhYIxFMQCxuM"""
,
"""2DKZcLpxz3h51BPXGz7ZZg""","""0LyfQWJT6nXafLPZqxe9Of"""
"""0Zf6FJVyK6qUxmg1WMNruG""","""0grdhNhiRLFBaFVyybqsj6"""
"""1de3erNxxI0s0qkwTBkm9q""","""02Xpf8IlAGeelWAQZP33kQ"""
"""0cDk0iAYdLlwD1fmLN6ayo""","""18jZvCsW1PJ4FDQ5gEXuKp"""
"""1Hx9JuA0e9dAm5z6f0oNE6""","""5IFCkqu9J6xdWeYMk5I889"""
"""1HWrP6U3m3z23H5FxFsxYS""","""7HLvzuM9p11k9lUQfSM4Rq"""
,
"""1iI5YZkqNUV7VmrEi4uOP9""","""2SHhfs4BiDxGQ3oxqf0UHY"""
"""59R6wpHlRk6Ui19e7qAgo1""","""20p5D2KrE8CGuOjHtxsyTp"""
"""7hb7PW4pEcddvEPyU8WORa""","""0LyfQWJT6nXafLPZqxe9Of"""
"""7yZHLfxqiGPbSQLrVJljah""","""4lxfqrEsLX6N1N4OCSkILp"""
"""3sOy91gU770rkA494FbWWV""","""3vRclCt9VnNhYIxFMQCxuM"""
"""1iI5YZkqNUV7VmrEi4uOP9""","""2SHhfs4BiDxGQ3oxqf0UHY"""
"""3mcKOl0KNe65BqiBa40WxR""","""58lV9VcRSjABbAbfWS6skp"""
"""0R8Pl54TXSwXWtAEVaP7ew""","""1fa0cOhromAZdq2xRA4vv8"""
"""43lok9zd7BW5CoYkXZs7S0""","""6tbjWDEIzxoDsBA1FuhfPW"""
"""0W7mquARagPr9V1N0nHYgK""","""55qiaow2sDYtjqu1mwRua6"""
"""2t2kQu1Zd9vZRb71Vx1ASf""","""1MNeXu0284O7mQWgF1YRc0"""
"""3sOy91gU770rkA494FbWWV""","""3vRclCt9VnNhYIxFMQCxuM"""
"""2dSrr6vS6RT9UWLOCEU0PY""","""40enFxfEXXsEXKOt1vgx0k"""
"""7zduRJgS6v79QmNUhKGozu""","""4PpmBoqphQusNFsxuVKb6j"""
"""70H64F7Q65tqTkRf3qxAzs""","""3CkvROUTQ6nRi9yQOcsB50"""
"""4yaX6Gmlvo42PnGgBdhzGf""","""51l0uqRxGaczYr4271pVIC"""
"""6xE6A0Vwd2LmopR6Mn8UFG""","""5Y8EphH8Vdqu5SLj6K5vjj"""
"""0oNZnqsNbKKMKedFNNRs69""","""5fhMbh4PVSLSODF2fhWwqt"""
"""3srdrIrP3V7LTmRujRfLhK""","""72OaDtakiy6yFqkt4TsiFt"""
"""2AyJzvREOnlnYhaBzF1Kxp""","""3JxCEqL9zjKnDJgUhRuRJD"""
"""23sISo3WqoIysj2AHHem3V""","""5jllns7VtBfhF3AyjvZP8d"""
"""5sZeWcdXYHq9MbNDSOMqCP""","""32lVGr0fSRGT6okLKHiP68"""
"""3mcKOl0KNe65BqiBa40WxR""","""58lV9VcRSjABbAbfWS6skp"""
"""59R6wpHlRk6Ui19e7qAgo1""","""20p5D2KrE8CGuOjHtxsyTp"""
"""7c3FMymY4UvkHkF1yV2hdO""","""5dcOK4stT4JDkP6Dqhbz5s"""
"""5epYkQqWldhYysHIH9mrmE""","""5n30a5V4ftXNMHCHChmK2h"""
"""0gPfgxBDkrtJgwIkziS8LI""","""6ZPbX2Lxd40e2UVkXpyxvI"""
"""2FwzHgJ4XaPhC19Y0uL6SK""","""5a2EaR3hamoenG9rDuVn8j"""
"""560XKoM2owBqNr8zz4qhUG""","""1Wb1iP9BzMJyjm5nXtBUFP"""
"""2Fa9jKPOzCGh5Yw74wuSKE""","""71aKjsWKYqASAffyIQaocZ"""
"""5BAzAODqIwttjj7wxmlNMS""","""3gdbcIdNypBsYNu3iiCjtN"""
"""44w4sVYJVQzhH2dN3IwyIK""","""62sPt3fswraiEPnKQpAbdE"""
"""0W7mquARagPr9V1N0nHYgK""","""55qiaow2sDYtjqu1mwRua6"""
,
"""7ySBlv1N2wbYcaIwHBcBuy""","""09mvgMBvJkxarNIDGdwPWg"""
"""0W7mquARagPr9V1N0nHYgK""","""55qiaow2sDYtjqu1mwRua6"""
"""6CKFGOR75rLuIbXX13kUgu""","""6H1RjVyNruCmrBEWRbD0VZ"""
"""0Zf6FJVyK6qUxmg1WMNruG""","""0grdhNhiRLFBaFVyybqsj6"""
"""43lok9zd7BW5CoYkXZs7S0""","""6tbjWDEIzxoDsBA1FuhfPW"""
"""6CC4LpUaizMwq7yOzSpwNo""","""1uggROm4jK7AfATvau6ATx"""
"""734q754TWafpjmtRaIAQtJ""","""5ZEAzHE2TzAwUcOj6jMIgf"""
"""2HyJKdwnnaM156kvcPDwr8""","""4bthk9UfsYUYdcFyqxmSUU"""
"""43lok9zd7BW5CoYkXZs7S0""","""6tbjWDEIzxoDsBA1FuhfPW"""
"""571UdIx8tcDmBPgLSW8KG2""","""3nLYJvqbEzs5kg2TlprxIG"""
"""0kSTuMp9GpX9pJR45Bksgi""","""4opTS86dN9uO313J9CE8xg"""
"""465PVMr4BYZ6xeact4eTl1""","""0lZoBs4Pzo7R89JM9lxwoT"""
"""1jCoBw99NDS3xv2KRF7ygX""","""3zXw2Eh96iTT51pytzHdZi"""
"""2Ck4KnfNbVPQqcRkmsDt6F""","""5lJBrQQ88JjskJmJeVKX4F"""
"""6xE6A0Vwd2LmopR6Mn8UFG""","""5Y8EphH8Vdqu5SLj6K5vjj"""
"""4yaX6Gmlvo42PnGgBdhzGf""","""51l0uqRxGaczYr4271pVIC"""
"""1Fz5HW0oy2HuSLMleCLzlx""","""5tTsrGPwQRWUsHR2Xf7Ke9"""
"""6vQB3ZBxnQPP3jQcGV2qzg""","""7bu3H8JO7d0UbMoVzbo70s"""
"""2Ck4KnfNbVPQqcRkmsDt6F""","""5lJBrQQ88JjskJmJeVKX4F"""
"""6PC9knxEdAFYCr8yvmrzwF""","""3d2hJTVTwo08F9b0ZFQukJ"""
"""6z5LStxyQzrUTrVxjiOXVU""","""3qm84nBOXUEQ2vnTfUTTFC"""
"""590LYMDhJ9uUglR8QeNGWz""","""4Tw2N3wdvJPGEU7JqMxFfE"""
"""0W7mquARagPr9V1N0nHYgK""","""55qiaow2sDYtjqu1mwRua6"""
"""5JKFiC2WVi9HtvJEm8CUB8""","""3qm84nBOXUEQ2vnTfUTTFC"""
"""4RzZ6XUkzv3yQPstb4tcHN""","""7dXeJ8kAqTqtvNWQNV3sdU"""
"""7rfKAiPs9ToZP9zEJDBqBH""","""4KWTAlx2RvbpseOGMEmROg"""
"""0WFtnE2BmgSTsnbAaBXQ3o""","""77tBvvyd6SD4Y9Um1xcbxP"""
"""1DAE5K7Rv0H1JZkJaLcV9x""","""4C3uGP8vRDzxrhJxZiOjTe"""
,
"""44w4sVYJVQzhH2dN3IwyIK""","""62sPt3fswraiEPnKQpAbdE"""
"""2XiFOu7QAcAvXBUInuRY0s""","""7Ey4PD4MYsKc5I2dolUwbH"""
"""0C8Poy7zwJ1kQh2sldyvHm""","""58lV9VcRSjABbAbfWS6skp"""
"""3kt903x5U5IWJlwHyE481x""","""3jOO5nZ2XPmc232rNjzqJy"""
"""2oZzKVi2mqkQnZOad6DXMw""","""4awU3JRQXIYoxabdwO92AU"""
,
"""5JKFiC2WVi9HtvJEm8CUB8""","""3qm84nBOXUEQ2vnTfUTTFC"""
"""0ULg91Rf3twUQOlCc6ElY6""","""0ym94xKp2PIOJtTZKpxbAa"""
"""6g6MQ90r65VqHZlLnmumEE""","""0gxyHStUsqpMadRV0Di1Qt"""
"""2W4O6fmk96K7vLxExDzWST""","""75L9s8KVrhCNtBUkZFnDFW"""
"""51fAXJ5bMn7DRSunXQ6PMb""","""3aVoqlJOYx31lH1gibGDt3"""
"""033cvSPAuSU5ArRfIgQSDU""","""3EhbVgyfGd7HkpsagwL9GS"""
"""4EDVf4jWI3hcwrIohtWmjt""","""2eogQKWWoohI3BSnoG7E2U"""
"""24TAupSNVWSAHL0R7n71vm""","""3fMbdgg4jU18AjLCKBhRSm"""
"""6lqXkjPqBgpsByhRn050if""","""7lF7ijiwzLAl63VslViL1u"""
"""44w4sVYJVQzhH2dN3IwyIK""","""62sPt3fswraiEPnKQpAbdE"""
,
"""6JfAxq3fh9CNZZcNxBaQOd""","""5nPz5R1FDPTMI3Dw4JnTGb"""
,
"""12lDqJuZIqMk6DNe1fInFl""","""5dbuFbrHa1SJlQhQX9OUJ2"""
"""5VxTLm2IZsDQn3r9eX1qfa""","""2sIx6SmAMw9IBySG3Uj0jf"""
"""1Xi55xFMaymXdSWshmxhw2""","""1yMYjh77WgOVafRkI50mim"""
"""6Zd1OLqFX5geleqvJ9xtAL""","""2SHhfs4BiDxGQ3oxqf0UHY"""
"""34hQFIwGTLf03BZQmGL0iy""","""4sD9znwiVFx9cgRPZ42aQ1"""
"""6H5mxGUWguDjtQ4Uzd8veD""","""2zFZiWQJFFshzojycnXoTL"""
"""43lok9zd7BW5CoYkXZs7S0""","""6tbjWDEIzxoDsBA1FuhfPW"""
"""5SwNGsGw1I8H361DKiYnnn""","""4iHNK0tOyZPYnBU7nGAgpQ"""
"""2sS9l8uc3d3UsK9unJyrD8""","""4lxfqrEsLX6N1N4OCSkILp"""
"""5G7LmJHqy7cLklwTm1ARYa""","""5fikk4h5qbEebqK2Fc6e48"""
"""0dvStBuexp9Chq1hg3Yjes""","""7lzordPuZEXxwt9aoVZYmG"""
"""5QsPmoN7UK8tL5NRtSuC2Y""","""6h2bWHWTJL38N8dqocVaif"""
"""6H5mxGUWguDjtQ4Uzd8veD""","""2zFZiWQJFFshzojycnXoTL"""
"""0rjkaziUBzTPSwwXo3tUJm""","""6YHEMoNPbcheiWS2haGzkn"""
,
,
"""4OD3LU6001esAtFshDX46M""","""4qwGe91Bz9K2T8jXTZ815W"""
"""5CuSWXFhWielWXrXK8Sd8m""","""34jw2BbxjoYalTp8cJFCPv"""
"""27GnoD7FLhUzVLXh7cW7sg""","""3aTuTR5Nf6pVW3837q2ZL7"""
"""1Ghv7iViywM23K8BRFggQv""","""6IYnSXO40Bh7Zdqhf6rQoj"""
"""1Xi55xFMaymXdSWshmxhw2""","""1yMYjh77WgOVafRkI50mim"""
,
"""7gdyU25hgg7acFjmM3kEuN""","""2jS7I1u7BpgWT9ssG62Zr1"""
"""5sNsnf4khRsFMGsrbSFdkt""","""3MKSm2U72NzNdxRjMhzyHh"""
"""3VNcHyjMgpq2UQN5LTs4qC""","""7oHzn7edwmrYClrPRINkbn"""
,
"""5qn1wxqcIjEQl36RM4ZHWR""","""0DSE3n3008wiKzfd8vNhWy"""
"""6aXXF9pGqgLvNyakAi2V6f""","""2FrKQPjJe4pVMZOgm0ESOx"""
"""3bF75h2NG3y918xMulJ2UI""","""5jJcbGPjjyEhAoU02ynHaA"""
"""7nlXYKVhhf7mMRxcq37TaF""","""32lVGr0fSRGT6okLKHiP68"""
"""7lctp9rkvSczgxQ7OGKQaO""","""5JBif5ahOKFFVuEpHhrp8Y"""
"""7ruxozNKlzgbD011lL9xc6""","""66pXn4ZrPf6yzk5PHGkUZA"""
"""6qnHcP6z0qNjupb9mkSyG0""","""22i8GlNyvBRj7b93jmXWT7"""
"""7alngtync76VqYWSKxcBhB""","""1fBCIkoPOPCDLUxGuWNvyo"""
"""4dCdnfD0shXGuHtyTOtx8q""","""55qiaow2sDYtjqu1mwRua6"""
"""1iI5YZkqNUV7VmrEi4uOP9""","""2SHhfs4BiDxGQ3oxqf0UHY"""
"""1Vw2uoVkLAJFVViJ1QyK1D""","""6zFYqv1mOsgBRQbae3JJ9e"""
"""5gN7Im7VUNQm7sJnmdofMc""","""5bTTx0CRvZj1kRJwUsWWYo"""
"""2GmrcFfoRPSKmmSyh36Bu6""","""2y8Jo9CKhJvtfeKOsYzRdT"""
"""4OD3LU6001esAtFshDX46M""","""4qwGe91Bz9K2T8jXTZ815W"""
"""6nTtN4mMMCLkn5jF1wfRWf""","""4TPWj56uIO4N5puju96P0J"""
"""5BAzAODqIwttjj7wxmlNMS""","""3gdbcIdNypBsYNu3iiCjtN"""
"""2Fa9jKPOzCGh5Yw74wuSKE""","""71aKjsWKYqASAffyIQaocZ"""
,
"""0JzmsNDLZ6NCc6Mc3J2UgN""","""19y5MFBH7gohEdGwKM7QsP"""
"""2nluxUhos0yCqlpXazGSVF""","""4qwGe91Bz9K2T8jXTZ815W"""
"""20O6lfaDAoMhUj5TAvVbb6""","""7GXXMm3DB1VswVcuGyInUd"""
"""3sOy91gU770rkA494FbWWV""","""3vRclCt9VnNhYIxFMQCxuM"""
"""4r1WecJyt5FOhglysp9zhN""","""2rblp9fJo16ZPTcKDtlmKW"""
"""1wSk4NvNUF3BB9jju2S6Qk""","""32lVGr0fSRGT6okLKHiP68"""
"""4OD3LU6001esAtFshDX46M""","""4qwGe91Bz9K2T8jXTZ815W"""
"""2PngFAB0v6216314TZRcGb""","""4D0WfOUqTzqKysXt33VL3j"""
"""0ZeOyoJHPD6czbTPAT9Qaj""","""19ra5tSw0tWufvUp8GotLo"""
"""5g9LXOhTPW9Iow6GZPRg2D""","""6YHEMoNPbcheiWS2haGzkn"""
"""2sS9l8uc3d3UsK9unJyrD8""","""4lxfqrEsLX6N1N4OCSkILp"""
"""3glZbvQfT7BX4Ih3X3y63W""","""4UPcJIhr5K5fPsm4itqT7E"""
"""4r1WecJyt5FOhglysp9zhN""","""2rblp9fJo16ZPTcKDtlmKW"""
"""2sS9l8uc3d3UsK9unJyrD8""","""4lxfqrEsLX6N1N4OCSkILp"""
"""6rbyua2300n25agfd9MfKK""","""7CnmC3gRgLev4I609BrSxj"""
"""2sS9l8uc3d3UsK9unJyrD8""","""4lxfqrEsLX6N1N4OCSkILp"""
"""4OD3LU6001esAtFshDX46M""","""4qwGe91Bz9K2T8jXTZ815W"""
"""3glZbvQfT7BX4Ih3X3y63W""","""4UPcJIhr5K5fPsm4itqT7E"""
"""2uT123xlHuqvz14JR0KQSs""","""7Ey4PD4MYsKc5I2dolUwbH"""
"""1qUuOtsaAWlD6D83AebzD0""","""7jocoSCuCtpCxCI6IbP8ye"""
"""2qZbZ7HCovscrsGYc0bRWA""","""32lVGr0fSRGT6okLKHiP68"""
"""5d71Imt5CIb7LpQwDMQ093""","""2UZMlIwnkgAEDBsw1Rejkn"""
"""76yiSp9zZ5y5tjqIpTsaXw""","""702AvACMk5mieXIYlC2Gxx"""
"""13OoJ5Y23cdo8CDAiQwznb""","""762310PdDnwsDxAQxzQkfX"""
"""7AQOyPpyggqttJKTDWIZqK""","""0dgnITyIAN4NrmUVisvxHU"""
"""0oNZnqsNbKKMKedFNNRs69""","""5fhMbh4PVSLSODF2fhWwqt"""
,
"""3z3WKWIzEwKJ2T0YoOIGy4""","""7bKupnlF7XOfR1En3K8oAL"""
"""6CttJqwyQqtUbElzGjNrHa""","""3iDD7bnsjL9J4fO298r0L0"""
"""0kSTuMp9GpX9pJR45Bksgi""","""4opTS86dN9uO313J9CE8xg"""
,
"""4rPsV2qfjewaH9tAidFVv9""","""5IFCkqu9J6xdWeYMk5I889"""
"""6LEP3L94jnkqjOxYJWPRP0""","""6GbCJZrI318Ybm8mY36Of5"""
"""5SwNGsGw1I8H361DKiYnnn""","""4iHNK0tOyZPYnBU7nGAgpQ"""
"""3srdrIrP3V7LTmRujRfLhK""","""72OaDtakiy6yFqkt4TsiFt"""
"""5BAzAODqIwttjj7wxmlNMS""","""3gdbcIdNypBsYNu3iiCjtN"""
"""6s8bfXrXEqaFFmAi02m7k4""","""3vRclCt9VnNhYIxFMQCxuM"""
"""2DUdrqaC0bGVkHCVE7UjDi""","""1uggROm4jK7AfATvau6ATx"""
"""1DkD4F3tLVT77mRNBumIYo""","""6tsRo8ErXzpHk3tQeH6GBW"""
"""1Vw2uoVkLAJFVViJ1QyK1D""","""6zFYqv1mOsgBRQbae3JJ9e"""
"""5CcLqG8xiW1riFm1x6uy65""","""3aVoqlJOYx31lH1gibGDt3"""
"""0GvAWRFBNSboXiLpNHXJ8U""","""6rqU9HQ57NYGBnBzbrY3a4"""
,
,
"""6qzNBXC92FV4NIrDrhVAJU""","""6D01mATo26VaiiCfZzpWAm"""
"""5g9LXOhTPW9Iow6GZPRg2D""","""6YHEMoNPbcheiWS2haGzkn"""
"""6GXk2hxl4q5GoPHarlUet8""","""2r09Inibex3C4ZNTUVSG3m"""
"""0Ttc1BQu1k3SfU02vn2cM5""","""55qiaow2sDYtjqu1mwRua6"""
"""2uT123xlHuqvz14JR0KQSs""","""7Ey4PD4MYsKc5I2dolUwbH"""
"""4tA5KsFziTKOuDVAUivcjM""","""07XSN3sPlIlB2L2XNcTwJw"""
"""1N2SWhf7QtskRdb9bNoKxn""","""1EgGVV9cmmlLEsFlunjmvv"""
"""2OKf5WlgqFgszrDsxMq07t""","""22282KfMxDo2PMjnBc82I4"""
,
,
"""0ZtoKNv75D3PvB2i0vPrIP""","""4GzIiGnHYrOnq2LUiD6zdo"""
"""2tHDc9g2bu1rz62xIjX1GE""","""5a2EaR3hamoenG9rDuVn8j"""
"""3jZUAzlDcrJMaL9EXK51aP""","""37YcGi7z4aXgzWu4jGRe4H"""
,
"""061uAXmheZOILmf2rr3tTn""","""3Z02hBLubJxuFJfhacLSDc"""
"""3N1GCkG6Z5Rs4Qy1iwnIEB""","""0LyfQWJT6nXafLPZqxe9Of"""
,
"""6gHhunUztPgpyBmzeie6MH""","""4PpmBoqphQusNFsxuVKb6j"""
"""2ChU1JJwMIAMMCYJi6ovMl""","""5gqcLXiJcBVEduXVle7JN1"""
"""475PE6J6LTBGBpt26rRrHe""","""39oSLGo3HkaeYXzUEGgAGQ"""
"""7DKHQxJTI32UyCdDdGwvRC""","""6w7j5wQ5AI5OQYlcM15s2L"""
,
"""7xc458qB6WtWcmZt0CqWXk""","""7dXeJ8kAqTqtvNWQNV3sdU"""
"""6YbWlg2x8aIHASDTunWF8H""","""72Nhcx7prNk2ZCxhx0Y5es"""
"""1aVyRcDS6m2qIyiSgCj4ge""","""6O74knDqdv3XaWtkII7Xjp"""
"""3prEGwGL7WsXkiQ2zveo2A""","""6V7pNWhlJpD0s0bMdB1PU9"""
"""5SwNGsGw1I8H361DKiYnnn""","""4iHNK0tOyZPYnBU7nGAgpQ"""
"""2GSZ2kruaBmA5hR9xngeBX""","""7ihLzUpuNecU5VBkvOUDNq"""
"""7s86va7L6qq82p0y7KVBeb""","""13y0kncDD4J9wxCyfKr10W"""
"""5LaUUDnUTySWnJLj1xiBnw""","""6XpaIBNiVzIetEPCWDvAFP"""
"""7hKst6QIxeAcpOx3o2y6mi""","""0roeI3yPusDWwWRzAqTopw"""
"""17mrdLXkhmlY36jRm9cUbw""","""1QtIfAa6y7w2JhxYJhYeUG"""
"""4OD3LU6001esAtFshDX46M""","""4qwGe91Bz9K2T8jXTZ815W"""
,
"""43lok9zd7BW5CoYkXZs7S0""","""6tbjWDEIzxoDsBA1FuhfPW"""
"""0SHpIbyBLUugMXsl3yNkUz""","""4iHNK0tOyZPYnBU7nGAgpQ"""
"""6Zd1OLqFX5geleqvJ9xtAL""","""2SHhfs4BiDxGQ3oxqf0UHY"""
"""3Xa92ersI2ffOejB5sNeqP""","""5lJBrQQ88JjskJmJeVKX4F"""
"""1FLhRASvKm8r7Mki2dJqZr""","""1eOD8TGo5Ek80Gv7VIqFij"""
"""5SwNGsGw1I8H361DKiYnnn""","""4iHNK0tOyZPYnBU7nGAgpQ"""
"""1Xi55xFMaymXdSWshmxhw2""","""1yMYjh77WgOVafRkI50mim"""
"""6YbWlg2x8aIHASDTunWF8H""","""72Nhcx7prNk2ZCxhx0Y5es"""
"""59xCSAdPeDW21sCrkE6B6c""","""6MLDcHrNh4OqxDZAjMt5pt"""
"""3KTGoTyK6iBdjn71Pz2SLQ""","""2zVsfeSyFbCey7rq7PasHp"""
"""2YjTlPe9cyIYmhJ6bjWXHB""","""0LyfQWJT6nXafLPZqxe9Of"""
,
"""6yEuIwTQpciH1qtj7mP5GK""","""4KWTAlx2RvbpseOGMEmROg"""
"""1TVVVSbdBRF6KtffVu0p2g""","""5IFCkqu9J6xdWeYMk5I889"""
,
"""7A3LlV59lh4KljWa7I6Tks""","""5gznATMVO85ZcLTkE9ULU7"""
"""4Weiw9hd6IyxyjRyeDp3dF""","""4S9EykWXhStSc15wEx8QFK"""
"""5eQ9JU8EcJprur3vZRRRwQ""","""1mG23iQeR29Ojhq89D5gbh"""
"""3dLKM8bD8R3H3XnSOXGjTF""","""27T030eWyCQRmDyuvr1kxY"""
,
"""6gHhunUztPgpyBmzeie6MH""","""4PpmBoqphQusNFsxuVKb6j"""
"""1rHNR6cz7WzrGmuqL9Wlyq""","""6XpaIBNiVzIetEPCWDvAFP"""
"""1qO6xwjpMSZ5qLexoXs43T""","""28pS8WVbFstY0o1SrqCf8I"""
,
"""1CZmsAq5Cgko835mlYVoB0""","""2SwRWWKpFqktihz7o2rfYX"""
"""7DKHQxJTI32UyCdDdGwvRC""","""6w7j5wQ5AI5OQYlcM15s2L"""
,
"""1Xi55xFMaymXdSWshmxhw2""","""1yMYjh77WgOVafRkI50mim"""
"""3tu5RTLzk7J2Oe30hspuPm""","""6YHEMoNPbcheiWS2haGzkn"""
"""3jBeiXLyZM4kxbHLEJwtYt""","""2y8Jo9CKhJvtfeKOsYzRdT"""
,
"""50bQGJWB4VoD1GY3c4vYbv""","""5t06MTkDD3yr5LVs3YFLQC"""
,
"""2e6N9mz4kFIR1sM9givKpK""","""0LyfQWJT6nXafLPZqxe9Of"""
"""6blrkOZ0VmkhYPjfoD7eqf""","""4KDyYWR7IpxZ7xrdYbKrqY"""
"""3bF75h2NG3y918xMulJ2UI""","""5jJcbGPjjyEhAoU02ynHaA"""
"""1LHacvoBTd7o2d7wwQ9EZD""","""7GXXMm3DB1VswVcuGyInUd"""
"""3NWhQd83spnzJAoPcy1tb1""","""5IU8A4qXB5oCx6YFdIqxI8"""
"""3AUHDaXUhZimlDLFh4sTDV""","""3Z02hBLubJxuFJfhacLSDc"""
,
"""0Exa3V6M8pBxfDN9gNKR20""","""0LyfQWJT6nXafLPZqxe9Of"""
"""3tu5RTLzk7J2Oe30hspuPm""","""6YHEMoNPbcheiWS2haGzkn"""
"""4yUhIQBLe1WL10bVKP7kRx""","""3DmG65yHQsMms7WAvrZOdt"""
"""6dfYmbgWeJCgqJhnR4TfKb""","""1P8IfcNKwrkQP5xJWuhaOC"""
"""6aJNw94xxM9xR6WjSYiwOV""","""6mRev5KzKOgQcZjWanwBdd"""
"""0qcgEPOg67XnxGizdAAcGa""","""5a2EaR3hamoenG9rDuVn8j"""
"""4bAwnTaD8QcruiVdb1zzzY""","""4KHdmkq99PXA6QEJ2lKpA3"""
"""6dLlnu5TPxD74g7w8SfnqF""","""4salDzkGmfycRqNUbyBphh"""
"""5SwNGsGw1I8H361DKiYnnn""","""4iHNK0tOyZPYnBU7nGAgpQ"""
"""77E21mG8AaZptFMyhBMbHc""","""0gxyHStUsqpMadRV0Di1Qt"""
"""2jfea3275Ef5g1nUwnf1fg""","""69MEO1AADKg1IZrq2XLzo5"""
"""05owfigVGpgPe7RKJG1hum""","""69MEO1AADKg1IZrq2XLzo5"""
"""2GQH4L2aMloYA4cWuaJXJi""","""0dgnITyIAN4NrmUVisvxHU"""
"""3KTGoTyK6iBdjn71Pz2SLQ""","""2zVsfeSyFbCey7rq7PasHp"""
"""1EbspINwTMQK6wh9zS5Uv1""","""5GtMEZEeFFsuHY8ad4kOxv"""
"""6GXk2hxl4q5GoPHarlUet8""","""2r09Inibex3C4ZNTUVSG3m"""
"""5WqyNqBEGw2fWmehS9vKuy""","""5aBxFPaaGk9204ssHUvXWN"""
"""7alngtync76VqYWSKxcBhB""","""1fBCIkoPOPCDLUxGuWNvyo"""
"""15WGW9fyEuS2cWp8aZkNpZ""","""7290H8m1Dwt8G7jm1y9CQx"""
"""2U6BLZitsauouOL80Avn7f""","""1BMb6sQJVkmUyCuodmRs2g"""
"""7Hucjo5Y8VSidz9dKnBf6q""","""5VfqJBmXcf6ZqXoGij5qTE"""
,
"""2nTbjj5v3EiqC6uASjpoMv""","""63I04Kj1gXC1LLSVcrOzLN"""
"""1FLhRASvKm8r7Mki2dJqZr""","""1eOD8TGo5Ek80Gv7VIqFij"""
"""7hKst6QIxeAcpOx3o2y6mi""","""0roeI3yPusDWwWRzAqTopw"""
"""3KTGoTyK6iBdjn71Pz2SLQ""","""2zVsfeSyFbCey7rq7PasHp"""
"""5p30oP23JCMDwHXM7f6ECa""","""57ALvbCBaCkNlgTOSiUPdT"""
"""1DkD4F3tLVT77mRNBumIYo""","""6tsRo8ErXzpHk3tQeH6GBW"""
"""1XtHtO1xVuCH53X1Vp3Fgc""","""6ZccA6Up3OSLUY7m8NNLUs"""
"""688l8IJXR4cmgGj0Ekl0DR""","""1eClJfHLoDI4rZe5HxzBFv"""
,
"""5bdLY9rbyqZduRw5ySy0eX""","""0Ty63ceoRnnJKVEYP0VQpk"""
"""1u2eOnhJaDlnDJ9ArCFXzC""","""3dipm6p2uAgitwQsOZU5oY"""
"""3yfyiCIMk1ZTPIqsPVW5sH""","""4Otx4bRLSfpah5kX8hdgDC"""
"""0ZeOyoJHPD6czbTPAT9Qaj""","""19ra5tSw0tWufvUp8GotLo"""
"""4LgsHyufRmmcB1HIqTES19""","""7HLvzuM9p11k9lUQfSM4Rq"""
"""2P5MIQaEXsyDtiXXChyijs""","""2qQeKHrQJHLLbvDAOSO874"""
,
"""16B8kK28QgKIYTb7XyLMuj""","""2y8Jo9CKhJvtfeKOsYzRdT"""
"""6yEuIwTQpciH1qtj7mP5GK""","""4KWTAlx2RvbpseOGMEmROg"""
"""3jknvlUSe6D9Oyn2E3JBLO""","""6O74knDqdv3XaWtkII7Xjp"""
,
"""5bGumbB29JBPlv4ECVURka""","""2zrZfs23sjuHDv4E6YRmNf"""
"""0ksxzYuZtQz1kYrZEhXDjV""","""75L9s8KVrhCNtBUkZFnDFW"""
,
"""3ebyEGol0Abc7VAxYf7vEg""","""6PAt558ZEZl0DmdXlnjMgD"""
"""7d2qNq4zap02SoWdvr0caA""","""5fikk4h5qbEebqK2Fc6e48"""
"""30Perjew8HyGkdSmqguYyg""","""0L8ExT028jH3ddEcZwqJJ5"""
"""17mrdLXkhmlY36jRm9cUbw""","""1QtIfAa6y7w2JhxYJhYeUG"""
"""1duV6ATgfQWMvjNyfHmxZL""","""10n1KB2sjTrGdyuC83y8jW"""
"""5tjVOvUObHGTP3XPOKtRIe""","""0Ttph0pOZiPNTD3y2wUUb6"""
"""6CrjpyjlfjK95oHF6dvEnQ""","""5OfhOoKunSnuubxxRML8J3"""
"""1qgGxfnTXeBOkBNnLzDi36""","""15ajdFAi5bjj5pS9laBfBL"""
"""77dNyQA0z8dV33M4so4eRY""","""3fMbdgg4jU18AjLCKBhRSm"""
"""2Rh2JyaBjJwPMFR9Dl60nV""","""60rpJ9SgigSd16DOAG7GSa"""
"""5NIt2v0wjaZAXPqOYerldC""","""4iHNK0tOyZPYnBU7nGAgpQ"""
"""0CxPbTRARqKUYighiEY9Sz""","""3qm84nBOXUEQ2vnTfUTTFC"""
"""5mJYFwj51OpBqRSxZCBLTT""","""5Jj4mqGYiplyowPLKkJLHt"""
"""0oX4SealMgNXrvRDhqqOKg""","""3fMbdgg4jU18AjLCKBhRSm"""
"""3REpPYjJhtaeJc4Mo1v4Ip""","""5UoVLCWzOKMIJ9iioof9OD"""
"""7kUiJdXqLkMTkpY0PmXUv5""","""6tbjWDEIzxoDsBA1FuhfPW"""
"""1coATVsX722fGEulaiLMZM""","""2dgfCEMSVETFp29mRpiFpz"""
"""0SHpIbyBLUugMXsl3yNkUz""","""4iHNK0tOyZPYnBU7nGAgpQ"""
"""2z37UnazitI7yDEF0IjE0v""","""0AuW7OCyKfFrsMbtHrYgIV"""
"""0qcgEPOg67XnxGizdAAcGa""","""5a2EaR3hamoenG9rDuVn8j"""
"""3coLNlyStg9h7f8CZ103Rl""","""19ra5tSw0tWufvUp8GotLo"""
"""1bVsvHBbgNEe7jwdkhNNzV""","""2YdVmtVBpIrv0N6WiBzSqm"""
"""4Weiw9hd6IyxyjRyeDp3dF""","""4S9EykWXhStSc15wEx8QFK"""
"""7d2qNq4zap02SoWdvr0caA""","""5fikk4h5qbEebqK2Fc6e48"""
"""2Enxx0P6RGkwe4B7yn9DQL""","""3RnBzCfr8bQeLQQMGF6IeE"""
"""5Bp5PZqYJ9tiz0Hf6lOD5Q""","""0LyfQWJT6nXafLPZqxe9Of"""
"""2guirTSEqLizK7j9i1MTTZ""","""6olE6TJLqED3rqDCT0FyPh"""
"""4rG9nn1skY9toSj1SjOFVf""","""62sPt3fswraiEPnKQpAbdE"""
"""191wfG4xD0VAgJH7rJ97iD""","""3gdIwZY6Q3RXhDteYr4ZvC"""
"""3hwPsvBmnFXv5qFueDDUjN""","""5VfqJBmXcf6ZqXoGij5qTE"""
"""19lVMS3ZOoJi5CdRKvoOiP""","""0TImkz4nPqjegtVSMZnMRq"""
"""7JnLsJWNUf50DGZ5JhBgbO""","""6O74knDqdv3XaWtkII7Xjp"""
,
"""6X9k3hSsvQck2OfKYdBbXr""","""1dfeR4HaWDbWqFHLkxsg1d"""
"""4QrhfVaznhrAPlM5xCKBPh""","""5Va9LuEmaZxnbk1gMnjMD7"""
,
"""0SHpIbyBLUugMXsl3yNkUz""","""4iHNK0tOyZPYnBU7nGAgpQ"""
"""1uzIyRT1QxDx4fMIX0UiAE""","""3PhoLpVuITZKcymswpck5b"""
"""3IeqyRPjr9OLdZgTop4Rxn""","""5DgjOwTN6o76J5Gf8MzEoL"""
"""4wvBji9M2YPIrgAMNkBRmW""","""7ooOn6bokl4mGV4CEaUz6A"""
"""3yVwdmeRGYdzo4jlE11fGc""","""2rblp9fJo16ZPTcKDtlmKW"""
"""2iExuSxQaFAmuyRVrnLyAy""","""188XxH8QLu4w8GW7cxSJe9"""
"""3ZBXtcukYi3AdNtf7rtpGr""","""4MT97VeycuegSicrrphisJ"""
"""1Mc07d9wxKEWY7hYBLAMII""","""0LyfQWJT6nXafLPZqxe9Of"""
,
"""2F0FafPwG22GtOP4BXkjOi""","""5DgjOwTN6o76J5Gf8MzEoL"""
"""6YbWlg2x8aIHASDTunWF8H""","""72Nhcx7prNk2ZCxhx0Y5es"""
"""3UeshcanaZ1xd90cgmQmch""","""4j7EVY3kuDwLPfD2jfC7LC"""
"""3tu5RTLzk7J2Oe30hspuPm""","""6YHEMoNPbcheiWS2haGzkn"""
"""1lCuwXVtx72gZN0iT20TmO""","""3CkvROUTQ6nRi9yQOcsB50"""
"""1wgxJfFXbleiD2XmSCOZWP""","""0grdhNhiRLFBaFVyybqsj6"""
"""0ta5VdkJcpdVnNrn7g4cZe""","""51Blml2LZPmy7TTiAg47vQ"""
"""3coLNlyStg9h7f8CZ103Rl""","""19ra5tSw0tWufvUp8GotLo"""
"""1aF9JPXdMLYIBOSDbPYdBD""","""3VvCoGaJ64OBTnhiqta7XL"""
"""0ta5VdkJcpdVnNrn7g4cZe""","""51Blml2LZPmy7TTiAg47vQ"""
"""7BPddGH0q5GDArin4zOCgn""","""5UoVLCWzOKMIJ9iioof9OD"""
"""1lCuwXVtx72gZN0iT20TmO""","""3CkvROUTQ6nRi9yQOcsB50"""
"""3Xa92ersI2ffOejB5sNeqP""","""5lJBrQQ88JjskJmJeVKX4F"""
"""7C6LFxLn63uasNoDIQ5khO""","""4S9EykWXhStSc15wEx8QFK"""
"""5bGumbB29JBPlv4ECVURka""","""2zrZfs23sjuHDv4E6YRmNf"""
"""0oX4SealMgNXrvRDhqqOKg""","""3fMbdgg4jU18AjLCKBhRSm"""
"""4KqorQ6C7yDXvqgfgGrnvm""","""5Va9LuEmaZxnbk1gMnjMD7"""
"""1lCuwXVtx72gZN0iT20TmO""","""3CkvROUTQ6nRi9yQOcsB50"""
"""03ZfzcyHfeWSuADL87VuTQ""","""4046bnFxFJdLEtG7F2qXaV"""
"""061uAXmheZOILmf2rr3tTn""","""3Z02hBLubJxuFJfhacLSDc"""
"""3x1CmNdXWU0DzpTZXFFRZu""","""7bu3H8JO7d0UbMoVzbo70s"""
"""5oukrASJpumQ9tUHxgK5Kj""","""3XsgWn63EnA4wYZBjVyxjf"""
"""6gHhunUztPgpyBmzeie6MH""","""4PpmBoqphQusNFsxuVKb6j"""
"""061uAXmheZOILmf2rr3tTn""","""3Z02hBLubJxuFJfhacLSDc"""
"""6GnA3E2EQqRwqhJfU7FFRx""","""2FrKQPjJe4pVMZOgm0ESOx"""
"""0BeNwL2U8jk6pYMNP1sfQj""","""2rblp9fJo16ZPTcKDtlmKW"""
"""60rdfC2E2N1pbnBoDSbtcP""","""6I3M904Y9IwgDjrQ9pANiB"""
"""05zhmTMHkdBVqYF9zwJN9y""","""7zgtJuRm0JcJpPQRjCgXT7"""
"""2YulGKL24KwiyFJnksfPCi""","""73CmW7Heo8CxnYXydAs6qc"""
"""7pvs5NsPJh9PMrdxVgKDq6""","""6H1RjVyNruCmrBEWRbD0VZ"""
"""1wgxJfFXbleiD2XmSCOZWP""","""0grdhNhiRLFBaFVyybqsj6"""
"""5XUrP0lz9D0I8qkly4uvQy""","""28pS8WVbFstY0o1SrqCf8I"""
"""2EwwOSHl7oOX1vyjQBx4Zc""","""7ypgj95aGInvJMJbMv78wB"""
"""7JnLsJWNUf50DGZ5JhBgbO""","""6O74knDqdv3XaWtkII7Xjp"""
"""5Q3xLiKnY4ShDuQda7qfg2""","""1XkoF8ryArs86LZvFOkbyr"""
"""4MC0ZjNtVP1nDD5lsLxFjc""","""6dYrdRlNZSKaVxYg5IrvCH"""
"""17mrdLXkhmlY36jRm9cUbw""","""1QtIfAa6y7w2JhxYJhYeUG"""
"""19lVMS3ZOoJi5CdRKvoOiP""","""0TImkz4nPqjegtVSMZnMRq"""
"""17mrdLXkhmlY36jRm9cUbw""","""1QtIfAa6y7w2JhxYJhYeUG"""
"""7wSNRFFyUCDeSoVVuKYUYH""","""5rIhaCHkbFVvLJpKHWwOJD"""
"""6YbWlg2x8aIHASDTunWF8H""","""72Nhcx7prNk2ZCxhx0Y5es"""
"""1wgxJfFXbleiD2XmSCOZWP""","""0grdhNhiRLFBaFVyybqsj6"""
"""7d2qNq4zap02SoWdvr0caA""","""5fikk4h5qbEebqK2Fc6e48"""
"""4IuPGE5gqsg1iTHhR3QfCF""","""2r09Inibex3C4ZNTUVSG3m"""
"""6CrjpyjlfjK95oHF6dvEnQ""","""5OfhOoKunSnuubxxRML8J3"""
"""6YbWlg2x8aIHASDTunWF8H""","""72Nhcx7prNk2ZCxhx0Y5es"""
"""7BPddGH0q5GDArin4zOCgn""","""5UoVLCWzOKMIJ9iioof9OD"""
"""3BO4hNrSnspOVwlloqedRc""","""6H1RjVyNruCmrBEWRbD0VZ"""
"""5L6ETkYF4PeD1pSrAGKuNf""","""0auu2itHTxEdAMRHvx7CyG"""
"""6blrkOZ0VmkhYPjfoD7eqf""","""4KDyYWR7IpxZ7xrdYbKrqY"""
"""7JVJlkNNobS0GSoy4tCS96""","""6XpaIBNiVzIetEPCWDvAFP"""
"""2SwChN4waQ1qbXXIWMGWrZ""","""4lWO9o94dDtH4rb1W047YA"""
"""0B0RuH2PSWoEkIvi75xY5d""","""69MEO1AADKg1IZrq2XLzo5"""
"""7qIuZgsMkRuh7rzi4qVcpg""","""4qwGe91Bz9K2T8jXTZ815W"""
"""1ujRHjYVLKXK7do7CnahUQ""","""3wVllS5itPK6rpHwfvNce4"""
"""2BBrAtWY0c6dPio5b2JYFK""","""2NmK5FyrQ18HOPXq1UBzqa"""
"""1BSzAkEW5ZE2QsBScQgoAb""","""72y3ZI95ctkQC2O4mjBaU3"""
"""2NKxb7pk04CuZab5udkGUl""","""4iHNK0tOyZPYnBU7nGAgpQ"""
,
"""6bNWz7bHK8M0xPfAPmFSRW""","""3uZFBSsMiooimnprFL9jD1"""
"""4q35JK0Se5l83VJMuU3SP5""","""0LyfQWJT6nXafLPZqxe9Of"""
"""1aVyRcDS6m2qIyiSgCj4ge""","""6O74knDqdv3XaWtkII7Xjp"""
"""2EwwOSHl7oOX1vyjQBx4Zc""","""7ypgj95aGInvJMJbMv78wB"""
,
"""0CQcwTXgmXtXpMcORejZSM""","""0LyfQWJT6nXafLPZqxe9Of"""
,
"""2xpjgSvZVYjzdlWxeAJFy8""","""2WvLeseDGPX1slhmxI59G3"""
,
"""7qIuZgsMkRuh7rzi4qVcpg""","""4qwGe91Bz9K2T8jXTZ815W"""
"""2BBrAtWY0c6dPio5b2JYFK""","""2NmK5FyrQ18HOPXq1UBzqa"""
"""17zrIQKituLxyNrpFbxYxp""","""08aXFzrCntGc5k23P6SVjX"""
"""3EFhsxrJoH3yE3r8bHheE6""","""02da1vDJ2hWqfK7aJL6SJm"""
"""4O0YlGNpMCAPXsWOiivJJd""","""5nPz5R1FDPTMI3Dw4JnTGb"""
"""5XDh8Jxgk8wMhmglCwOaVl""","""6G62DWLrirhPFrzRQGQrHF"""
"""6GnA3E2EQqRwqhJfU7FFRx""","""2FrKQPjJe4pVMZOgm0ESOx"""
"""4HPnwQJAEvTY910q4RNeOu""","""6zFYqv1mOsgBRQbae3JJ9e"""
"""7hPq9fDWwXPo1tT0oi3XcM""","""1A92IAcd7A6npCA33oGM5i"""
"""2TWdmpnFNCMlZDQROleupK""","""2PSiyldxmJze7xiqbz658m"""
"""2BBrAtWY0c6dPio5b2JYFK""","""2NmK5FyrQ18HOPXq1UBzqa"""
"""7JVJlkNNobS0GSoy4tCS96""","""6XpaIBNiVzIetEPCWDvAFP"""
"""4QrhfVaznhrAPlM5xCKBPh""","""5Va9LuEmaZxnbk1gMnjMD7"""
"""3jBeiXLyZM4kxbHLEJwtYt""","""2y8Jo9CKhJvtfeKOsYzRdT"""
"""17zrIQKituLxyNrpFbxYxp""","""08aXFzrCntGc5k23P6SVjX"""
"""0PqCkTvKFJxzr9uujq7a3T""","""0lZoBs4Pzo7R89JM9lxwoT"""
"""55Blx1F1hOYdda222r7jyV""","""7vWlb4pM85jCHvV771qZZW"""
"""2frbTcZJoMRuAbeXpuOx0Z""","""7dnB1wSxbYa8CejeVg98hz"""
"""5lUgtggG1KroP0qHkpxQ4K""","""10Khz9BDdDT2mzm3330Cvu"""
"""2F0FafPwG22GtOP4BXkjOi""","""5DgjOwTN6o76J5Gf8MzEoL"""
"""7JVJlkNNobS0GSoy4tCS96""","""6XpaIBNiVzIetEPCWDvAFP"""
"""1BSzAkEW5ZE2QsBScQgoAb""","""72y3ZI95ctkQC2O4mjBaU3"""
"""0PqCkTvKFJxzr9uujq7a3T""","""0lZoBs4Pzo7R89JM9lxwoT"""
"""3iJdv48OcB5XNYjNhBllAK""","""1zuJe6b1roixEKMOtyrEak"""
"""2F0FafPwG22GtOP4BXkjOi""","""5DgjOwTN6o76J5Gf8MzEoL"""
"""4dVtwOgwqdOKYPtz55RDQz""","""3vjd6YHdWCqO3MWaYbxDf0"""
"""4OEP9VlZWOCt1QcOzX0oXF""","""4Otx4bRLSfpah5kX8hdgDC"""
"""73ojqvZakvdkBxSg9pyPqz""","""3X458ddYA2YcVWuVIGGOYe"""
"""0oX4SealMgNXrvRDhqqOKg""","""3fMbdgg4jU18AjLCKBhRSm"""
"""1BSzAkEW5ZE2QsBScQgoAb""","""72y3ZI95ctkQC2O4mjBaU3"""
"""4rG9nn1skY9toSj1SjOFVf""","""62sPt3fswraiEPnKQpAbdE"""
"""2P8M5eo4zWFD0JJtH4D0iA""","""0Je74SitssvJg1w4Ra2EK7"""
"""5UwIyIyFzkM7wKeGtRJPgB""","""5ksRONqssB7BR161NTtJAm"""
"""03JxJZCOK54jmkrhlDczlA""","""5a2EaR3hamoenG9rDuVn8j"""
,
"""2LftuOQxTIDRfHYOGaCJJG""","""6k0IBR0lU42s2GYpNX7kA9"""
"""4he7R24eqd1EbF9kegiAK8""","""0LyfQWJT6nXafLPZqxe9Of"""
"""7FK1855C3n1Q0RKbmvl7ll""","""1ZwdS5xdxEREPySFridCfh"""
"""2FbviTPUjgJJUxsGM1sGDq""","""58lV9VcRSjABbAbfWS6skp"""
"""5Q3xLiKnY4ShDuQda7qfg2""","""1XkoF8ryArs86LZvFOkbyr"""
"""6u3Iystbl5WugW4181FFFg""","""08fM8wx6uuEwagFsUvQp35"""
"""1tuM8yBePaekEruGsH2J79""","""7Ey4PD4MYsKc5I2dolUwbH"""
"""0lQjdBr2n0WQg5sjGzLVfR""","""3XsgWn63EnA4wYZBjVyxjf"""
"""19lVMS3ZOoJi5CdRKvoOiP""","""0TImkz4nPqjegtVSMZnMRq"""
"""58UVlAF336Gl8lSabnvwMV""","""5NtJpNZgRqBvRCq6OE08ZU"""
"""01FqJwpa24Vfb8DI6sZI6B""","""6cjSmkVvMvyE6tCAo1M9Is"""
"""02lktkm4J7K7N8T63Gm7KX""","""4P0dddbxPil35MNN9G2MEX"""
"""1a2NoE9makqEWb1uUogxFQ""","""6tbjWDEIzxoDsBA1FuhfPW"""
"""1a2NoE9makqEWb1uUogxFQ""","""6tbjWDEIzxoDsBA1FuhfPW"""
"""3MU1Obzt6jcsNbyqwRKfHN""","""1eAsLHhN9eQnxU446lhCkR"""
"""0zLd8jpRt4m6FWCu81Fb9n""","""5os0Ltvz8Q8BvXOPOd1frx"""
"""0SY7lk9XHlnTP56d3bt2E5""","""58159d1MKZgkeXFPlB7nWz"""
"""1duV6ATgfQWMvjNyfHmxZL""","""10n1KB2sjTrGdyuC83y8jW"""
"""1duV6ATgfQWMvjNyfHmxZL""","""10n1KB2sjTrGdyuC83y8jW"""
"""60rdfC2E2N1pbnBoDSbtcP""","""6I3M904Y9IwgDjrQ9pANiB"""
"""6ZANEjETQ9L9pjBuvOAhCQ""","""4qwGe91Bz9K2T8jXTZ815W"""
"""2K0qBUFiKwjH9BFpw0xRDp""","""1mG23iQeR29Ojhq89D5gbh"""
"""4PC7zY5OzzLCSadCFB9OLv""","""0FcmRWJUfnCuwoXE1H2b0H"""
"""0zLd8jpRt4m6FWCu81Fb9n""","""5os0Ltvz8Q8BvXOPOd1frx"""
"""71HM1CMYWeZzws8pyiEn46""","""3Mcii5XWf6E0lrY3Uky4cA"""
"""01ChjoiBlN7bBmsvrzuzlo""","""3El2sJgqTWkg1kkyHHAEu4"""
"""1aF9JPXdMLYIBOSDbPYdBD""","""3VvCoGaJ64OBTnhiqta7XL"""
"""5snUbps5KleLIP0cVI72lP""","""0gqIrDRL7CEPBWMmkuZPdQ"""
"""7nX5zpOHqDBSWBgd881XU5""","""0Suv0tRrNrUlRzAy8aXjma"""
"""7g7nFMPWmFfk70ZvhTs0TT""","""6YHEMoNPbcheiWS2haGzkn"""
"""7d2qNq4zap02SoWdvr0caA""","""5fikk4h5qbEebqK2Fc6e48"""
"""6So3rjhjVaGXMfhwXY7IzN""","""2zrZfs23sjuHDv4E6YRmNf"""
,
"""4Bi4yzmfOupSFm2gl2jeaQ""","""0Ty63ceoRnnJKVEYP0VQpk"""
,
"""3z3WKWIzEwKJ2T0YoOIGy4""","""7bKupnlF7XOfR1En3K8oAL"""
"""3fa5cl6Nplripk1h9z1SFv""","""2y8Jo9CKhJvtfeKOsYzRdT"""
"""2HyJKdwnnaM156kvcPDwr8""","""4bthk9UfsYUYdcFyqxmSUU"""
,
,
"""1tuM8yBePaekEruGsH2J79""","""7Ey4PD4MYsKc5I2dolUwbH"""
"""4lTXWu1mQo8m8BKwU8Rp6f""","""6kXp61QMZFPcKMcRPqoiVj"""
"""4Bi4yzmfOupSFm2gl2jeaQ""","""0Ty63ceoRnnJKVEYP0VQpk"""
"""1yoA6HcbdX23c4k0MXNq5g""","""7vWlb4pM85jCHvV771qZZW"""
"""2EwwOSHl7oOX1vyjQBx4Zc""","""7ypgj95aGInvJMJbMv78wB"""
"""1wSk4NvNUF3BB9jju2S6Qk""","""32lVGr0fSRGT6okLKHiP68"""
"""3BO4hNrSnspOVwlloqedRc""","""6H1RjVyNruCmrBEWRbD0VZ"""
"""5UwIyIyFzkM7wKeGtRJPgB""","""5ksRONqssB7BR161NTtJAm"""
,
"""1IWhZEOwEoXbOB4a40XaR3""","""6O74knDqdv3XaWtkII7Xjp"""
"""6Po5zdKMIH5Xk99vjXyQpC""","""4S9EykWXhStSc15wEx8QFK"""
"""2NKxb7pk04CuZab5udkGUl""","""4iHNK0tOyZPYnBU7nGAgpQ"""
"""2Db5q1EYr8oGNaE8jZDFU6""","""5UloVKzUNJcjORzhhTWWiJ"""
"""73ojqvZakvdkBxSg9pyPqz""","""3X458ddYA2YcVWuVIGGOYe"""
,
"""5UwIyIyFzkM7wKeGtRJPgB""","""5ksRONqssB7BR161NTtJAm"""
"""5UwIyIyFzkM7wKeGtRJPgB""","""5ksRONqssB7BR161NTtJAm"""
"""11UWeyxXNreHeZwEViqs3y""","""2mxe0TnaNL039ysAj51xPQ"""
"""6ZANEjETQ9L9pjBuvOAhCQ""","""4qwGe91Bz9K2T8jXTZ815W"""
"""7kUiJdXqLkMTkpY0PmXUv5""","""6tbjWDEIzxoDsBA1FuhfPW"""
,
,
,
"""73ojqvZakvdkBxSg9pyPqz""","""3X458ddYA2YcVWuVIGGOYe"""
"""1uzIyRT1QxDx4fMIX0UiAE""","""3PhoLpVuITZKcymswpck5b"""
"""3IbEK55jS702tGPuEUt3Uo""","""3tDctsqrG9k9f7NzKbZVko"""
"""3AZYNdRI9wD3xaRYuqMmZB""","""3y24n3XhZ96wgwRXjvS17T"""
"""4QHFXQLRwZx5122InHluo5""","""0Jeckitay8SbvKwqAzWuYH"""
,
"""5bStwg7F7mK5LSxjL70keH""","""10n1KB2sjTrGdyuC83y8jW"""
"""3E3QRjL4Cre7Krms420Irl""","""0urTpYCsixqZwgNTkPJOJ4"""
"""4Rrm9Du0htwyux1jNjsYCx""","""0grdhNhiRLFBaFVyybqsj6"""
"""0PkkUYZMtKN25rvrt50EhX""","""3aVoqlJOYx31lH1gibGDt3"""
"""3AUHDaXUhZimlDLFh4sTDV""","""3Z02hBLubJxuFJfhacLSDc"""
,
,
"""7qIuZgsMkRuh7rzi4qVcpg""","""4qwGe91Bz9K2T8jXTZ815W"""
"""3uSVy9q97sAzd5UE0dMdOT""","""4e5V1Q2dKCzbLVMQ8qbTn6"""
,
"""1t4hf9yHMQBoTz2CxTBJKj""","""3DmG65yHQsMms7WAvrZOdt"""
"""7dC6axVAeBDpRMmNtRbpwU""","""4TKTii6gnOnUXQHyuo9JaD"""
"""6MEFBcD0a87GMYiHW3VsVI""","""1YEGETLT2p8k97LIo3deHL"""
"""3hwPsvBmnFXv5qFueDDUjN""","""5VfqJBmXcf6ZqXoGij5qTE"""
"""3wQuZdfDboB8bo5MPTUpgA""","""2I1bnmb9VQEQGKHxvr0gSf"""
"""2frbTcZJoMRuAbeXpuOx0Z""","""7dnB1wSxbYa8CejeVg98hz"""
"""3AD781gf2md5GzXF9H2ocK""","""1MOKcwn9U2PyjjxOFOtCTV"""
,
"""3lOv4MWFZGIJmHdyMXtlB5""","""4LtIfuFeAamus9OOItuWDD"""
"""2SwChN4waQ1qbXXIWMGWrZ""","""4lWO9o94dDtH4rb1W047YA"""
"""1qzfqlEyzPD0VyCcSSQwZD""","""01Ppu7N8uYJI8SAONo2YZA"""
"""2YkOd7pot6a05ubGZVVcyq""","""3lJ6jvOiNY46L2juqXufpf"""
"""3hwPsvBmnFXv5qFueDDUjN""","""5VfqJBmXcf6ZqXoGij5qTE"""
"""7LWymREwrshm7X7mZBIAyw""","""2sd9Q3r0Jhqpe3w9WVuG43"""
"""2NKxb7pk04CuZab5udkGUl""","""4iHNK0tOyZPYnBU7nGAgpQ"""
"""7qIuZgsMkRuh7rzi4qVcpg""","""4qwGe91Bz9K2T8jXTZ815W"""
"""0AP5O47kJWlaKVnnybKvQI""","""7t0rwkOPGlDPEhaOcVtOt9"""
"""0iIGP4Sxw3KR4OCFv2yvz8""","""3vbKDsSS70ZX9D2OcvbZmS"""
"""4gx4jOkExlITup1Sh7IuLq""","""0LyfQWJT6nXafLPZqxe9Of"""
"""7f9KDGqY7X2VLBM5aA66KM""","""7hJcb9fa4alzcOq3EaNPoG"""
"""0d4d4zjBNWxA0qLZS83GVW""","""4XDxFeclKBCFPb30yQlRUH"""
"""50OBIvFZb1J8Cz5hyyHJdj""","""3eqjTLE0HfPfh78zjh6TqT"""
"""3m9uu6hoEMcqGD9HHvGymH""","""31jkjldc2rO3Ko4O6gGAl1"""
,
"""16ugx2RULvA4s2HHVEqkDi""","""772SIFJQiXTCfxncTK1UMn"""
"""6JtogZdgh6aCgfMjCi40FN""","""5z2cHsOmmmWcAPNG1oEhw0"""
"""2VMGv3inRLPM4GOMXf37qu""","""2B4ZHz4QDWJTXPFPgO5peE"""
"""41pgxrq2gjdSsGnqofrHGj""","""1eNkUXHPaXyuyC8NAgzykK"""
"""7FK1855C3n1Q0RKbmvl7ll""","""1ZwdS5xdxEREPySFridCfh"""
"""7f9KDGqY7X2VLBM5aA66KM""","""7hJcb9fa4alzcOq3EaNPoG"""
"""0m4EUHpp4mVnV8AWHT7T7x""","""2vRfKzjQYJQd67X8x49MOh"""
"""11UWeyxXNreHeZwEViqs3y""","""2mxe0TnaNL039ysAj51xPQ"""
"""0pTv9npSf7D3pqKDi9fad1""","""7qeBsFLeNEuzrDhDMbnDwF"""
"""0g0F1l0hQ1nZTelBbmlmB5""","""3rJ3m1tM6vUgiWLjfV8sRf"""
"""0PkkUYZMtKN25rvrt50EhX""","""3aVoqlJOYx31lH1gibGDt3"""
"""1tuM8yBePaekEruGsH2J79""","""7Ey4PD4MYsKc5I2dolUwbH"""
"""4he7R24eqd1EbF9kegiAK8""","""0LyfQWJT6nXafLPZqxe9Of"""
"""3E3QRjL4Cre7Krms420Irl""","""0urTpYCsixqZwgNTkPJOJ4"""
"""2frbTcZJoMRuAbeXpuOx0Z""","""7dnB1wSxbYa8CejeVg98hz"""
"""1tuM8yBePaekEruGsH2J79""","""7Ey4PD4MYsKc5I2dolUwbH"""
"""1j53TlqIy7yJQZ3q64nBBg""","""0z5DFXmhT4ZNzWElsM7V89"""
"""01FqJwpa24Vfb8DI6sZI6B""","""6cjSmkVvMvyE6tCAo1M9Is"""
"""5vpl6jYfAEAAcu9CwgT7gp""","""3w6zswp5THsSKYLICUbDTZ"""
"""0eVj6uUqoagjDPSOmz2rRj""","""0BZ3BHzfYwpd3k5TDnvAz8"""
"""7ait6chB3O3C1fMGUDJhtu""","""4tX2TplrkIP4v05BNC903e"""
"""2BBrAtWY0c6dPio5b2JYFK""","""2NmK5FyrQ18HOPXq1UBzqa"""
"""1EEVf5UBSD4YlE1NBQXLfW""","""2VrP5BkyzDhY43dWMlaYjD"""
"""0muxkHLB5waGUEAcOlBMYA""","""7zYGAXxAaq15C9eM29M8Fj"""
"""7mYcq3B0faiA5IvhDCdypL""","""4akj4uteQQrrGxhX9Rjuyf"""
"""7fSY44jcjgt6jGzSQdZZjJ""","""5m7wCUhYhBh7A3A3YMxrbt"""
"""1mSECpFqHRW6leG4idqTE1""","""5GtMEZEeFFsuHY8ad4kOxv"""
"""1saoZHjleM0tAQQoCvpMrB""","""6tbjWDEIzxoDsBA1FuhfPW"""
"""1fSD1yTlcwVUWdpK7Nr7v5""","""1VJspRsoC6c0bvqhnSiFCs"""
"""3a43NX3hFXATIa89aNk6AF""","""4lxfqrEsLX6N1N4OCSkILp"""
"""1ckBGyrkltenXO6WNFkqxj""","""6roFdX1y5BYSbp60OTJWMd"""
"""3WIm2cGDu6bRWAJDFhbgeK""","""4KHdmkq99PXA6QEJ2lKpA3"""
"""6Mg6YVKzEYqWhBo9eJvrSn""","""0LyfQWJT6nXafLPZqxe9Of"""
"""18eJ4H4smFp29lRMsLygUc""","""6roFdX1y5BYSbp60OTJWMd"""
"""6ltCtxmCcZrkuqpmUwmCq4""","""58lV9VcRSjABbAbfWS6skp"""
"""401V2sVeZfq8bjBqojsPRb""","""3R6c2tWDBeYB1GncjLMn9n"""
"""1oRFXTDboyfWXB0c1z6QiT""","""4X3nIh5dynzfAQmy1Z5hXI"""
"""1FV3yQh4QovuCGWqJuRdl4""","""4KDyYWR7IpxZ7xrdYbKrqY"""
"""7xIV7Fm8D7hVC5aVjHTOuM""","""6BZbe6PDrJgxiXZ3cIXA8o"""
"""3hwPsvBmnFXv5qFueDDUjN""","""5VfqJBmXcf6ZqXoGij5qTE"""
"""7nX5zpOHqDBSWBgd881XU5""","""0Suv0tRrNrUlRzAy8aXjma"""
"""0PkkUYZMtKN25rvrt50EhX""","""3aVoqlJOYx31lH1gibGDt3"""
,
"""2W8fU1wJz9sGDmwMBcQBRX""","""05oH07COxkXKIMt6mIPRee"""
,
"""5eg56dCpFn32neJak2vk0f""","""0TImkz4nPqjegtVSMZnMRq"""
"""5eg56dCpFn32neJak2vk0f""","""0TImkz4nPqjegtVSMZnMRq"""
"""1mSECpFqHRW6leG4idqTE1""","""5GtMEZEeFFsuHY8ad4kOxv"""
"""1IWhZEOwEoXbOB4a40XaR3""","""6O74knDqdv3XaWtkII7Xjp"""
"""0m4EUHpp4mVnV8AWHT7T7x""","""2vRfKzjQYJQd67X8x49MOh"""
"""1ibYM4abQtSVQFQWvDSo4J""","""4iHNK0tOyZPYnBU7nGAgpQ"""
"""43lok9zd7BW5CoYkXZs7S0""","""6tbjWDEIzxoDsBA1FuhfPW"""
"""71mPApAzW9HkbUGdYzMQHb""","""6nzxy2wXs6tLgzEtqOkEi2"""
"""4GZFWGyRE8SfRw8wEu3WoL""","""0iVrCROxeyon7MZUW3MfzT"""
"""2BUHZXylf9zzMmNOUo0JBW""","""7HO1DbzU86pWWp1vBN7l6k"""
"""1IWhZEOwEoXbOB4a40XaR3""","""6O74knDqdv3XaWtkII7Xjp"""
"""0Tcn0XVUiS6eXoD8vZdQSk""","""266SmBZTt4zRzaKEANWbfQ"""
,
,
"""3AUHDaXUhZimlDLFh4sTDV""","""3Z02hBLubJxuFJfhacLSDc"""
"""6ltCtxmCcZrkuqpmUwmCq4""","""58lV9VcRSjABbAbfWS6skp"""
"""40rtksAqnwebfPKWzSL6Iv""","""5EvFsr3kj42KNv97ZEnqij"""
"""27HseI2MW48ccZn57lmKy2""","""1RfiRshRC2YlSG4Y1zNkAE"""
"""1Q9leCDLTJZIMmnXziq8mU""","""73ZPfpfg1LBVvDEArK4l5B"""
"""3OBhnTLrvkoEEETjFA3Qfk""","""3fMbdgg4jU18AjLCKBhRSm"""
"""5AYmpTfdv1OoASUJ5rZB7K""","""08ct2eZF5lUPdJpHwNKWof"""
"""6bj9JFEnqeqLoIwAQoZfXY""","""5me0Irg2ANcsgc93uaYrpb"""
"""1fSD1yTlcwVUWdpK7Nr7v5""","""1VJspRsoC6c0bvqhnSiFCs"""
"""0GmC4fd7RwxsFoo5Ht4nKp""","""296LotOmbj7eOX7r9l46fK"""
"""5AYmpTfdv1OoASUJ5rZB7K""","""08ct2eZF5lUPdJpHwNKWof"""
"""7wPvUyod3Rxkcm830TmZIE""","""4W4gYpQ2AQq7US2HZS13Qw"""
"""5eg56dCpFn32neJak2vk0f""","""0TImkz4nPqjegtVSMZnMRq"""
"""36VgndXcnrjzdAaTVASvWB""","""0LyfQWJT6nXafLPZqxe9Of"""
"""7dC6axVAeBDpRMmNtRbpwU""","""4TKTii6gnOnUXQHyuo9JaD"""
"""7L6kEZVkWh7OEI71b1JHZd""","""0LyfQWJT6nXafLPZqxe9Of"""
"""0qjM1vdeBbiAdmeYNb2iBg""","""3SRJWVa6lZnqRHOyAHmDrX"""
"""5AYmpTfdv1OoASUJ5rZB7K""","""08ct2eZF5lUPdJpHwNKWof"""
"""4AqJY8SxoiR6MWWfawrxVz""","""6dQgkiJm1fRkcqKOvPzysr"""
"""5jXRAElBLwmsjUROTWHwYJ""","""3NS6XjRa7OyZv6KjfkH5qC"""
"""5pMShIZc6oWiEtcQvXsKfb""","""3z3g65U7mmyyBmmDfsQK9x"""
"""2yHJoGH0mIqYVAHUFKJcZ6""","""05oH07COxkXKIMt6mIPRee"""
"""0m4EUHpp4mVnV8AWHT7T7x""","""2vRfKzjQYJQd67X8x49MOh"""
"""2oKbwv9ClTQKWHHTKCqN59""","""3gdIwZY6Q3RXhDteYr4ZvC"""
,
"""7BpwkWqF16bL3L5TIqireM""","""4e5V1Q2dKCzbLVMQ8qbTn6"""
,
"""5lwkQjfbO515jO9jwfzs6b""","""221iMiF62DFPnVuCLJakP1"""
"""1qzfqlEyzPD0VyCcSSQwZD""","""01Ppu7N8uYJI8SAONo2YZA"""
"""0GmC4fd7RwxsFoo5Ht4nKp""","""296LotOmbj7eOX7r9l46fK"""
"""26yshjRCAGf1mLJtfTrlsb""","""2P3cjUru4H3fhSXXNxE9kA"""
"""2HTbQ0RHwukKVXAlTmCZP2""","""5me0Irg2ANcsgc93uaYrpb"""
,
"""2W8fU1wJz9sGDmwMBcQBRX""","""05oH07COxkXKIMt6mIPRee"""
"""1IWhZEOwEoXbOB4a40XaR3""","""6O74knDqdv3XaWtkII7Xjp"""
"""3OrucS4sHv6Bl9GS4rafEk""","""1ZwdS5xdxEREPySFridCfh"""
"""7BIYShWL599GYMbx7rEJ25""","""4JRaryUoRSFiZt04ReUD8N"""
"""28jbQJCBOGrZHnrkTb6uw5""","""0LyfQWJT6nXafLPZqxe9Of"""
"""6rrPmmb2lQd5pNRL6HKBZx""","""26T6b8maqEVltcmE4kSDUl"""
"""0eMkSSaQQ9cWk4l07WPRPy""","""2Q4FnG5T6NTUcAAZwuMV5K"""
"""3OBhnTLrvkoEEETjFA3Qfk""","""3fMbdgg4jU18AjLCKBhRSm"""
"""5tincGtQaRD1QoXAT0PELz""","""1eNkUXHPaXyuyC8NAgzykK"""
,
"""1uzIyRT1QxDx4fMIX0UiAE""","""3PhoLpVuITZKcymswpck5b"""
"""6BThqXIsF0nanWam5MSV8d""","""73JEBdDEFeVaOLg3y0HhBD"""
"""3ZGUBwDiY5HPOcWv4SBPQg""","""2UZMlIwnkgAEDBsw1Rejkn"""
"""7p4CuUHuoPo3K6UM69fUAQ""","""1XgFuvRd7r5g0h844A5ZUQ"""
"""0pTv9npSf7D3pqKDi9fad1""","""7qeBsFLeNEuzrDhDMbnDwF"""
"""7qIuZgsMkRuh7rzi4qVcpg""","""4qwGe91Bz9K2T8jXTZ815W"""
"""0VVegiriO1eyyfOKrLmxtc""","""7opRqRgF9lvnVraBFCMvIj"""
,
"""7dC6axVAeBDpRMmNtRbpwU""","""4TKTii6gnOnUXQHyuo9JaD"""
,
"""0m4EUHpp4mVnV8AWHT7T7x""","""2vRfKzjQYJQd67X8x49MOh"""
"""1b6ChQEPZbOHVNi5vjqYr6""","""58lV9VcRSjABbAbfWS6skp"""
"""1saoZHjleM0tAQQoCvpMrB""","""6tbjWDEIzxoDsBA1FuhfPW"""
,
"""3Ai35Zvh4C5ljBKZRLomkO""","""4Otx4bRLSfpah5kX8hdgDC"""
"""4TvZIhoPFEGG4BOIqW3NtG""","""7ypgj95aGInvJMJbMv78wB"""
"""5iMSENzD6XBObI5UPkbvah""","""75L9s8KVrhCNtBUkZFnDFW"""
,
,
"""1T2aRQcFUL59f9kQ876dLX""","""5MspMQqdVbdwP6ax3GXqum"""
"""36G7gDkkRckUGU7lgG6nev""","""5NDMothbpdpq2xHqSjrrWn"""
"""0d4d4zjBNWxA0qLZS83GVW""","""4XDxFeclKBCFPb30yQlRUH"""
"""5I099NUhbRrXaxnxQagElv""","""51Blml2LZPmy7TTiAg47vQ"""
"""7LWymREwrshm7X7mZBIAyw""","""2sd9Q3r0Jhqpe3w9WVuG43"""
,
"""4wPNy4oz3tDjY3OEeHiOVq""","""7HqrSDuI9lHuH1CDismTFg"""
"""0c8yj78CBgDsEvq9pzudIS""","""4UuoJfJ9UybJft7a8E6UHX"""
"""4HTVABUq8amDUxBv3zJbX4""","""336vr2M3Va0FjyvB55lJEd"""
"""0gAN0kuGJrIZXVq8jG8sij""","""5IFCkqu9J6xdWeYMk5I889"""
"""5L5q7gpKSLpMXd06AoX1U7""","""4UPcJIhr5K5fPsm4itqT7E"""
,
"""5osNPHpdk6WyPSDerAUBWf""","""01Ppu7N8uYJI8SAONo2YZA"""
"""6Ee7BhLDpdOuMuPaJzTJVf""","""28pS8WVbFstY0o1SrqCf8I"""
"""2GbqknApdBxosrm31FPfwb""","""6V7pNWhlJpD0s0bMdB1PU9"""
"""3MLXp4rTGt1USufyODvXuz""","""22Zqu1yyebVnbve8FxbJ2g"""
"""1IWhZEOwEoXbOB4a40XaR3""","""6O74knDqdv3XaWtkII7Xjp"""
"""44U5EV50JLfZdEAInZMe3Q""","""37VhgKcbq9YOse66sppnyz"""
,
"""3wQuZdfDboB8bo5MPTUpgA""","""2I1bnmb9VQEQGKHxvr0gSf"""
"""2yHJoGH0mIqYVAHUFKJcZ6""","""05oH07COxkXKIMt6mIPRee"""
"""5BBz3KP2voAKW7ZJTenk9N""","""02da1vDJ2hWqfK7aJL6SJm"""
"""7nbwELkBki6HJrDZoEfXa3""","""2cnMpRsOVqtPMfq7YiFE6K"""
,
,
"""05HEjdd9s8Egs5aa3r0YIF""","""4S9EykWXhStSc15wEx8QFK"""
"""5r6mhWWkCitNZmhiSIYbCT""","""7uwPrVdjss0FyCCTzpLx5A"""
"""1ibYM4abQtSVQFQWvDSo4J""","""4iHNK0tOyZPYnBU7nGAgpQ"""
"""3XsOzkIBoHsxZ7jP3QF2oB""","""7oPgCQqMMXEXrNau5vxYZP"""
,
"""1VzYTrtId9CgUTo7VQBFbL""","""2EfG2EoT8GFJrMiilbTVl2"""
,
"""0BzXvdpUKDEk612hLc6rZV""","""2r09Inibex3C4ZNTUVSG3m"""
"""16nDsAEdUFbq21g5RcWYiJ""","""4mar1GMMEhvGyJdWagu6KS"""
"""0Ia2c7KTHgiw9nphwouaUQ""","""13ccXrK7AmXb4TddMkE7jy"""
"""09AwlP99cHfKVNKv4FC8VW""","""6ogn9necmbUdCppmNnGOdi"""
"""4bXTYQ8nVBYO4k3C3TOVri""","""6XpaIBNiVzIetEPCWDvAFP"""
,
"""2EHFZkzTbRFDt1tomCBToM""","""0LyfQWJT6nXafLPZqxe9Of"""
,
"""55UPmpHLvZKGgTPUD1woES""","""4S9EykWXhStSc15wEx8QFK"""
"""6FCakQJ6z6TF0y0qkHYKgy""","""6PAt558ZEZl0DmdXlnjMgD"""
"""4RowEH0oNbHDie8rP2FDnJ""","""1P8IfcNKwrkQP5xJWuhaOC"""
"""75oGBjE0TVxgdiXhU6J20M""","""1P8IfcNKwrkQP5xJWuhaOC"""
"""3PkfhYYloixnpOcOesSsbI""","""1aftUCES5zD5xXI7O9ZF9F"""
"""4adqftIYavKgrnLyOD5gxZ""","""488v7rQzthLNK22r0UvMie"""
"""1JjGR7DtSA3aRpG99KbhxJ""","""2sil8z5kiy4r76CRTXxBCA"""
"""6t0qVXx77kMCVyxHejzJsP""","""6FbDoZnMBTdhhhLuJBOOqP"""
"""3tabuqpmg0z2LZiO24V1Vl""","""2tUGlReCZRMoRgl0IS79i3"""
"""4MYENSmUM01QisUKLi6FWr""","""2mxe0TnaNL039ysAj51xPQ"""
"""2h1bf0d6LNtyoEugJYLFdy""","""6F3NW2aC9Sni1FH7QPSLvw"""
,
"""1qgjfFOO3IMDimAuAWZLLt""","""0djV4iaxhNfYWpH60ia85o"""
"""6BThqXIsF0nanWam5MSV8d""","""73JEBdDEFeVaOLg3y0HhBD"""
"""2EHFZkzTbRFDt1tomCBToM""","""0LyfQWJT6nXafLPZqxe9Of"""
,
,
,
"""0y9RVnTvpZa3LTlUUaD7l4""","""2NmK5FyrQ18HOPXq1UBzqa"""
"""4adqftIYavKgrnLyOD5gxZ""","""488v7rQzthLNK22r0UvMie"""
,
"""6errc1YD0IKeT3sudfomvO""","""5N5RfI8FFXk4WQ8kkjE407"""
"""0fYctMs4EvoEqzDh8Kmg5g""","""3y24n3XhZ96wgwRXjvS17T"""
"""30mXi1BVpzrlrncFYwWjWg""","""4e5V1Q2dKCzbLVMQ8qbTn6"""
,
"""5lSFQLg4GgtOZcnY8yXabS""","""5rAaG3OuMuWvPWYji9TDgh"""
"""4bPT6Q8ppaSNppk1kbEbLl""","""40Yq4vzPs9VNUrIBG5Jr2i"""
"""5eg56dCpFn32neJak2vk0f""","""0TImkz4nPqjegtVSMZnMRq"""
,
"""4uLoT81NWVFx09mkfnGCHb""","""1urjDGTd4iBze91Z1W1gu7"""
,
"""1ibYM4abQtSVQFQWvDSo4J""","""4iHNK0tOyZPYnBU7nGAgpQ"""
"""5AYmpTfdv1OoASUJ5rZB7K""","""08ct2eZF5lUPdJpHwNKWof"""
"""7kUiJdXqLkMTkpY0PmXUv5""","""6tbjWDEIzxoDsBA1FuhfPW"""
"""0OMxYaCIggV2z8aOKbGbEk""","""4UGMQyNcbGHYg5CDMKkSw3"""
"""2na3fS7r06IGua9sGMpCun""","""0LyfQWJT6nXafLPZqxe9Of"""
"""77DzxAspEt0oOckfO049MV""","""1QtIfAa6y7w2JhxYJhYeUG"""
"""7Kb0pU8LBYOoI6hoj7ajHJ""","""3zTOe1BtyTkwNvYZOxXktX"""
"""6ozp33PI3p9AdddB6ZL3xQ""","""2DaxqgrOhkeH0fpeiQq2f4"""
"""2wW0v9XWjEpUjOLpz5kJY8""","""1YfEcTuGvBQ8xSD1f53UnK"""
"""0VVegiriO1eyyfOKrLmxtc""","""7opRqRgF9lvnVraBFCMvIj"""
"""1IaBCF26OjgYwUCEPaIyC0""","""1G9G7WwrXka3Z1r7aIDjI7"""
"""6Rro4SnGlmVE4uzc2EIo2I""","""3pHeBYl1yujXcZqqfF1UyQ"""
"""4RowEH0oNbHDie8rP2FDnJ""","""1P8IfcNKwrkQP5xJWuhaOC"""
"""45evuVVrY9LzPez8geNEIF""","""19ra5tSw0tWufvUp8GotLo"""
,
"""6dJW5yM9vMPvNywCztkNyh""","""2zrZfs23sjuHDv4E6YRmNf"""
"""5vwm8dEf7xGTqUAas8zGdC""","""2YVF0Ou5zIc4mpgtLIlGN0"""
,
"""1XmvXblvD4sEuEOgfD42lg""","""2D2qwEatKbBSKhBCfP6lyn"""
"""3VekjWskUut57hx6W9wqL8""","""0cQbJU1aAzvbEmTuljWLlF"""
,
"""4HTVABUq8amDUxBv3zJbX4""","""336vr2M3Va0FjyvB55lJEd"""
"""4apfDLU5QtNOu784u2Z2B5""","""3lPQ2Fk5JOwGWAF3ORFCqH"""
"""4he7R24eqd1EbF9kegiAK8""","""0LyfQWJT6nXafLPZqxe9Of"""
"""0BzXvdpUKDEk612hLc6rZV""","""2r09Inibex3C4ZNTUVSG3m"""
"""6rkqnXiK12wQ8UthL6A52E""","""5UloVKzUNJcjORzhhTWWiJ"""
"""3w7TTi80vZApF0rQE5DMYb""","""4TKTii6gnOnUXQHyuo9JaD"""
"""2oKbwv9ClTQKWHHTKCqN59""","""3gdIwZY6Q3RXhDteYr4ZvC"""
"""1E3ssiuLLWw9OqRYQ59UjK""","""2ZbWlThDW0qSbI3hinpl0w"""
"""6BThqXIsF0nanWam5MSV8d""","""73JEBdDEFeVaOLg3y0HhBD"""
"""3OHO5zTEbUyczJop9lCgAM""","""01Ppu7N8uYJI8SAONo2YZA"""
"""6jtSQVGM4W2ODQAKx65RBx""","""601893mmW5hl1FBOykWZHG"""
,
"""5NNCWaLHgcwPrWSPsp86ph""","""6uGKydhYXrVOEXM6QbVzyH"""
"""4MYENSmUM01QisUKLi6FWr""","""2mxe0TnaNL039ysAj51xPQ"""
"""36VgndXcnrjzdAaTVASvWB""","""0LyfQWJT6nXafLPZqxe9Of"""
"""3pcCf3mfuOmKAaAk4NzrWj""","""5E0lNHVTNdbK9pcUmQm1S1"""
"""6fRUYwwUOmQbuwe9KujqQG""","""1mFX1QlezK1lNPKQJkhwWb"""
"""4uLoT81NWVFx09mkfnGCHb""","""1urjDGTd4iBze91Z1W1gu7"""
"""25icVyYwOAjrUOZOLx44K0""","""0LyfQWJT6nXafLPZqxe9Of"""
,
,
,
"""5rI3pfrpvmdYtGAsBwaGec""","""2ye2Wgw4gimLv2eAKyk1NB"""
"""1R5AaySMUzB0lmuwQ49YJO""","""1NMPFAWwsqqy5m8kEQvDl6"""
"""5BOX6g9aOGf0yh7OEkzen3""","""5ksRONqssB7BR161NTtJAm"""
"""7p4CuUHuoPo3K6UM69fUAQ""","""1XgFuvRd7r5g0h844A5ZUQ"""
"""1G1R5dY01DSyti3NaWnOp3""","""1w5Kfo2jwwIPruYS2UWh56"""
"""36G7gDkkRckUGU7lgG6nev""","""5NDMothbpdpq2xHqSjrrWn"""
,
"""5AYmpTfdv1OoASUJ5rZB7K""","""08ct2eZF5lUPdJpHwNKWof"""
"""1mSECpFqHRW6leG4idqTE1""","""5GtMEZEeFFsuHY8ad4kOxv"""
"""3g61rwvRs1NPeVBxuAMmHZ""","""3PhoLpVuITZKcymswpck5b"""
,
"""7E9BjLPr2QCNB0HyYEMKZZ""","""2W5oJQFtCezOKKn2gR9uB2"""
,
,
"""4yRYsQZfQpzkoVWH2XCX66""","""2mxe0TnaNL039ysAj51xPQ"""
"""3mn8mLqRknZCD8o7Ruy4BN""","""5fikk4h5qbEebqK2Fc6e48"""
"""6plavTFCGXv5vpy0jZVtOV""","""6V3F8MZrOKdT9fU686ybE9"""
"""5GIEvyzVeUKAs6Uf2EeoqD""","""2d3VHzlOEwXvmBdS4pzOPL"""
"""3x2jF7blR6bFHtk4MccsyJ""","""0uq5PttqEjj3IH1bzwcrXF"""
"""0wvQovgaVU99eqw8n3g22S""","""5rSXSAkZ67PYJSvpUpkOr7"""
"""1SNNc4pb0aA0GS2PsLr5b5""","""0SdiiPkr02EUdekHZJkt58"""
"""6mIyViyBHV4eoQqI4JZByh""","""6nzxy2wXs6tLgzEtqOkEi2"""
"""0fQdoem8dnrl80YcZzQ8f0""","""23zg3TcAtWQy7J6upgbUnj"""
"""56viTB3cu7FbFwAWDctRz1""","""2QmLFuIDtNDmmJY3OtvinN"""
"""0BzXvdpUKDEk612hLc6rZV""","""2r09Inibex3C4ZNTUVSG3m"""
,
"""5ZnSDcIB3iZcpmNa0Cahlf""","""3AO6RTDA16mg8czQI5Y9K0"""
,
,
"""3sV3CL42DZ8C11MuQwVUEi""","""242iqFnwNhlidVBMI9GYKp"""
"""64peTvbTLBDeSBu0GsCRE4""","""3NRFinRTEqUCfaTTZmk8ek"""
,
"""4ol8aChmHBMIL85LzG10ja""","""6BvltIR3D11htiOg84sbVX"""
"""7dRdaGSxgcBdJnrOviQRuB""","""5me0Irg2ANcsgc93uaYrpb"""
"""66Vhr3F0vp90jhQUlcf4Sk""","""3aVoqlJOYx31lH1gibGDt3"""
"""13mS371zx5j7YqRywIywX7""","""1255GTUKNCLCTvH9ctD4cT"""
"""3x2jF7blR6bFHtk4MccsyJ""","""0uq5PttqEjj3IH1bzwcrXF"""
"""5OvepfQiCFMCzML6fTgrBW""","""6UE7nl9mha6s8z0wFQFIZ2"""
"""4zLchzG29ngh0MJgiy5GQx""","""6O74knDqdv3XaWtkII7Xjp"""
"""7l5xk22Ijorp08ndl6GeBY""","""3lJ6jvOiNY46L2juqXufpf"""
"""7aDBFWp72Pz4NZEtVBANi9""","""4iHNK0tOyZPYnBU7nGAgpQ"""
"""4GtmXlzXsP67AKOVT8LWKK""","""6XpaIBNiVzIetEPCWDvAFP"""
"""1tiBNNEW1WPa59sVZ71Ers""","""0LthCv77K8NqLKr8B6266a"""
"""3x2jF7blR6bFHtk4MccsyJ""","""0uq5PttqEjj3IH1bzwcrXF"""
"""2lHGAzINLOdD0505xdjpyZ""","""7m60UAnbgFFNuJbmS6OxTk"""
"""5lSLGYViKHz22S8gEXz9Vc""","""7urq0VfqxEYEEiZUkebXT4"""
"""7ac0j0ZtiRbUb3YWDGock8""","""08DLZqQd6XDAVteF9nSEJ1"""
"""3EZXmJz03Dj8sB3K26Gmx8""","""0K7VN4aHxHcEb7PqkfoIVA"""
"""7ylRO8khkrywsKTiUjN73z""","""6roFdX1y5BYSbp60OTJWMd"""
"""21wdI31diHTOfUcl7xk5vn""","""0LyfQWJT6nXafLPZqxe9Of"""
"""2na3fS7r06IGua9sGMpCun""","""0LyfQWJT6nXafLPZqxe9Of"""
,
"""6fRUYwwUOmQbuwe9KujqQG""","""1mFX1QlezK1lNPKQJkhwWb"""
"""5gPrJlFTQGFrzN4RytDK81""","""6V03b3Y36lolYP2orXn8mV"""
,
,
"""5Zm0jwZc5J4jWk9rLmABKO""","""2S8UlyXW4JjjHcbeg8ddIo"""
"""55UPmpHLvZKGgTPUD1woES""","""4S9EykWXhStSc15wEx8QFK"""
"""55UPmpHLvZKGgTPUD1woES""","""4S9EykWXhStSc15wEx8QFK"""
,
"""3tabuqpmg0z2LZiO24V1Vl""","""2tUGlReCZRMoRgl0IS79i3"""
,
,
"""3w7TTi80vZApF0rQE5DMYb""","""4TKTii6gnOnUXQHyuo9JaD"""
"""1Xke22P00xbaydIDS8U4HT""","""1255GTUKNCLCTvH9ctD4cT"""
"""6ONz5nWyPfLUV7z5yvVCu7""","""0rvjqX7ttXeg3mTy8Xscbt"""
,
,
"""3w7TTi80vZApF0rQE5DMYb""","""4TKTii6gnOnUXQHyuo9JaD"""
"""1E3ssiuLLWw9OqRYQ59UjK""","""2ZbWlThDW0qSbI3hinpl0w"""
"""4he7R24eqd1EbF9kegiAK8""","""0LyfQWJT6nXafLPZqxe9Of"""
"""5qC5YqtLMlsm5Pyl6GtfpP""","""4NgNsOXSwIzXlUIJcpnNUp"""
"""1VzYTrtId9CgUTo7VQBFbL""","""2EfG2EoT8GFJrMiilbTVl2"""
"""3Xp1KG3G31VGZgV8JpMSX6""","""1MPcILKoMCJym9KscdYxuM"""
,
"""6FCakQJ6z6TF0y0qkHYKgy""","""6PAt558ZEZl0DmdXlnjMgD"""
,
"""0x3uUHhj8bCoM5Uzi5FNIv""","""0TcYeHEK9sBtv7xPbKhzHz"""
"""5ruZPk2RxBoRzzwYswpXXs""","""2mxe0TnaNL039ysAj51xPQ"""
"""0OMxYaCIggV2z8aOKbGbEk""","""4UGMQyNcbGHYg5CDMKkSw3"""
,
"""1A2erxSCPHAwYPdzEU3upt""","""4KHdmkq99PXA6QEJ2lKpA3"""
"""33s3ptUTggk4QrMygA60or""","""1urjDGTd4iBze91Z1W1gu7"""
,
"""13DJ9awkvYnDEgvipK34Vj""","""0iVrCROxeyon7MZUW3MfzT"""
"""50OBIvFZb1J8Cz5hyyHJdj""","""3eqjTLE0HfPfh78zjh6TqT"""
"""3Xyr9OCw0F6jKRpbPbcHhz""","""44d6kiYityw5RMbE6lRv6i"""
"""1EbspINwTMQK6wh9zS5Uv1""","""5GtMEZEeFFsuHY8ad4kOxv"""
,
"""0GDMOxPfDWThpQJaGpJjqh""","""1EcRE2Nnqg2spdn2otakhg"""
,
"""3qr4pTBWEU1SVf01j6RAx3""","""7IfculRW2WXyzNQ8djX8WX"""
"""2hwM2z7y5OWRkCZ9cPaOLq""","""3zTOe1BtyTkwNvYZOxXktX"""
"""1dtEMJ2YoZtw6vPkUnqMK1""","""2B4ZHz4QDWJTXPFPgO5peE"""
,
"""7FEyjOwZ7Hjvtb92GjM286""","""6tbjWDEIzxoDsBA1FuhfPW"""
,
"""7IkFQ66wAlgoNTAKUyRXcw""","""6YHEMoNPbcheiWS2haGzkn"""
"""3EDdhO2oG6eEJN8MUeefbl""","""2vRfKzjQYJQd67X8x49MOh"""
"""3Pmonb2UZ9zckdh5S5ibVm""","""2MGT7CYlixSPxAnnkhLpaA"""
"""6rz8vd1l760bwlILm55FF8""","""0LyfQWJT6nXafLPZqxe9Of"""
"""0BzXvdpUKDEk612hLc6rZV""","""2r09Inibex3C4ZNTUVSG3m"""
"""7uYn7ZSrXOVlmITyocZs9F""","""6kBjAFKyd0he7LiA5GQ3Gz"""
,
"""1Ezs8SlccViPDEQY55BO50""","""1SWGyp2nxNSyQkRX1eqoUp"""
"""1boYdm6hiE4W2TtHZyytHC""","""0LyfQWJT6nXafLPZqxe9Of"""
,
"""7FEyjOwZ7Hjvtb92GjM286""","""6tbjWDEIzxoDsBA1FuhfPW"""
"""1oIzl7axKpgYQRqK1BqYM7""","""0jAeAnMYxtSPubOKGRHiF4"""
"""3Pmonb2UZ9zckdh5S5ibVm""","""2MGT7CYlixSPxAnnkhLpaA"""
,
"""0vOj0JVKv2bobFBBUTjgQF""","""5e4Dhzv426EvQe3aDb64jL"""
"""64peTvbTLBDeSBu0GsCRE4""","""3NRFinRTEqUCfaTTZmk8ek"""
"""5GIEvyzVeUKAs6Uf2EeoqD""","""2d3VHzlOEwXvmBdS4pzOPL"""
"""6ZANEjETQ9L9pjBuvOAhCQ""","""4qwGe91Bz9K2T8jXTZ815W"""
"""2LyeUwQSJGirYIdwo6man8""","""7cCEI6lWHtgShTqmpH5o2m"""
"""3g61rwvRs1NPeVBxuAMmHZ""","""3PhoLpVuITZKcymswpck5b"""
"""0fQdoem8dnrl80YcZzQ8f0""","""23zg3TcAtWQy7J6upgbUnj"""
"""5cUiPJUUMfNQr0ELSDGscs""","""08DLZqQd6XDAVteF9nSEJ1"""
"""2gToC0XAblE9h3UZD6aAaQ""","""6TcnmlCSxihzWOQJ8k0rNS"""
"""3zB2PjaK4CDzxBErKvDvfo""","""1Y8cdNmUJH7yBTd9yOvr5i"""
"""3SwxRkHbAarf3wWlInRTzA""","""4S9EykWXhStSc15wEx8QFK"""
"""2esWeP8Ln1sXA0jbDmi3Zq""","""41qil2VaGbD194gaEcmmyx"""
"""0fQdoem8dnrl80YcZzQ8f0""","""23zg3TcAtWQy7J6upgbUnj"""
"""0fQdoem8dnrl80YcZzQ8f0""","""23zg3TcAtWQy7J6upgbUnj"""
"""7aDBFWp72Pz4NZEtVBANi9""","""4iHNK0tOyZPYnBU7nGAgpQ"""
"""6mIyViyBHV4eoQqI4JZByh""","""6nzxy2wXs6tLgzEtqOkEi2"""
,
"""5qC5YqtLMlsm5Pyl6GtfpP""","""4NgNsOXSwIzXlUIJcpnNUp"""
"""4043DNu4jVlMNetxtdh68B""","""26PDtWYDJ1KD0brukKsJH1"""
"""0wvQovgaVU99eqw8n3g22S""","""5rSXSAkZ67PYJSvpUpkOr7"""
"""4f7HKjBnjpMsDBDTHYV890""","""0LyfQWJT6nXafLPZqxe9Of"""
,
"""2lKDDrmx5aqyBRkho5ljn5""","""25NQNriVT2YbSW80ILRWJa"""
"""3OBGmYaLEwrcM7AnEXhLId""","""6hs28hHY3L7zsfC44xszAj"""
,
"""5dR0fhE3oveLRSUMMQ3oRB""","""7AQzXO3NPNQsI7oNu5rC3r"""
"""5OvepfQiCFMCzML6fTgrBW""","""6UE7nl9mha6s8z0wFQFIZ2"""
"""4zLchzG29ngh0MJgiy5GQx""","""6O74knDqdv3XaWtkII7Xjp"""
,
"""6cuNyrSmRjBeekioLdLkvI""","""6tbjWDEIzxoDsBA1FuhfPW"""
"""0PoNWtqQ56RftkM9nDfKCz""","""7aBzpmFXB4WWpPl2F7RjBe"""
"""3BrZT0UzGMi2qhI5WExT8Y""","""1J3nCyJ2KtGhh9JuywOrVD"""
"""0x3uUHhj8bCoM5Uzi5FNIv""","""0TcYeHEK9sBtv7xPbKhzHz"""
"""6oX0gpxTxSrCZ1QJikDhMN""","""0LyfQWJT6nXafLPZqxe9Of"""
"""0CADmCXbIx4F9m6TBwLtFd""","""6Ff53KvcvAj5U7Z1vojB5o"""
"""5qNfTjXiyNX9abxpcpR1jO""","""6rEzedK7cKWjeQWdAYvWVG"""
"""0qjM1vdeBbiAdmeYNb2iBg""","""3SRJWVa6lZnqRHOyAHmDrX"""
,
,
"""5WEcoqOEyhc0PXKd7gU2lP""","""0LyfQWJT6nXafLPZqxe9Of"""
,
,
"""6bOFBjlmYKgdUB0NdLLxxn""","""7xojBGlLd0SGscMIL31gdV"""
"""6IaZUV9ZMO8Xlya5GHWljz""","""2ZqXK2gIDbfE7aOvkNObPW"""
,
,
,
"""3StpQT9Qd87FSeWeQAdg1h""","""0SdiiPkr02EUdekHZJkt58"""
"""4FsibLgkGMV9AfbLtEqvxT""","""0dEvJpkqhrcn64d3oI8v79"""
,
"""2vURwAnzdxnAlocCPmLG95""","""5z2cHsOmmmWcAPNG1oEhw0"""
,
"""2nJhrAmvHiaScCGBhZTkC1""","""4ZYkqq2f8wA9vkV4iQIo4C"""
"""6EnEIHhrTtnWKKlWsHicTU""","""1255GTUKNCLCTvH9ctD4cT"""
,
"""6YoPpmaRP7SeMhiEbt3uH3""","""1TMMyiSsNzmRiZCAkVLVb2"""
,
"""6whu15IpXsztdwhOC43SXX""","""2d3VHzlOEwXvmBdS4pzOPL"""
"""5VljSlqVFj6AlttWE82WC2""","""0LyfQWJT6nXafLPZqxe9Of"""
"""0wvQovgaVU99eqw8n3g22S""","""5rSXSAkZ67PYJSvpUpkOr7"""
"""3Pmonb2UZ9zckdh5S5ibVm""","""2MGT7CYlixSPxAnnkhLpaA"""
"""0Ti0mEWGiyvnXPwJ70A8fm""","""0LyfQWJT6nXafLPZqxe9Of"""
"""65aWVI7ULOKD2NJSp2qGlx""","""19mELXwQE3LGemD3ioO0lO"""
"""7Mh7Q5DQIE9evMeGrKHjg8""","""5ksRONqssB7BR161NTtJAm"""
,
,
"""3sr6lAuO3nmB1u8ZuQgpiX""","""0uq5PttqEjj3IH1bzwcrXF"""
,
,
,
,
"""1JB1Zvcddt81PiipQQC319""","""0L6Gwm0JDrgIQJfjarWSUR"""
"""6cuNyrSmRjBeekioLdLkvI""","""6tbjWDEIzxoDsBA1FuhfPW"""
"""2lHGAzINLOdD0505xdjpyZ""","""7m60UAnbgFFNuJbmS6OxTk"""
"""1jTqD4utNazxT97NBcIL7G""","""7peqq4aACFkBwIWGG0YRJ9"""
,
"""52AeC4gwbxDfFlLHgK1ByD""","""2cGwlqi3k18jFpUyTrsR84"""
"""6nPdlsKWGOFepgMMXTZReP""","""1YfEcTuGvBQ8xSD1f53UnK"""
"""3sr6lAuO3nmB1u8ZuQgpiX""","""0uq5PttqEjj3IH1bzwcrXF"""
"""5J0kPrSHVGdNhPNpNmi981""","""6V03b3Y36lolYP2orXn8mV"""
"""2WcHHCuMlmZRLpvCvtTITw""","""1JdeDdujDbS6ZeSlkXqx3a"""
,
,
"""3Xyr9OCw0F6jKRpbPbcHhz""","""44d6kiYityw5RMbE6lRv6i"""
,
"""7lF5KjVwW7LRytM2Ifed9j""","""5IUvXYeMtVmp8YJWf0eqvf"""
,
,
"""6YW8UAkoK9RxL08k44HziH""","""2gdX1GbQ8sljsTVwDaIpkc"""
,
,
"""3Pmonb2UZ9zckdh5S5ibVm""","""2MGT7CYlixSPxAnnkhLpaA"""
"""7m8JwiXdpiR01n6TdWozcY""","""7nwUJBm0HE4ZxD3f5cy5ok"""
"""4zLchzG29ngh0MJgiy5GQx""","""6O74knDqdv3XaWtkII7Xjp"""
"""0AJaRBLPuUybHfdJi87GQP""","""1P8IfcNKwrkQP5xJWuhaOC"""
"""0WaL0OxrZNxs0sXEwwzs82""","""7BLOa6FxCbMnowidkQfLIA"""
"""16FPcGpqQfcvqpCLvZsWWD""","""601893mmW5hl1FBOykWZHG"""
"""5dKsOtOOY393hKb2TZ9yIV""","""5a6nqHiBS9v3CxYOs7ttET"""
"""0jZfbz0dNfDjPSg0hYJNth""","""72OaDtakiy6yFqkt4TsiFt"""
"""1CvjjpvqVMoyprsf74bpYW""","""0TImkz4nPqjegtVSMZnMRq"""
"""6mIyViyBHV4eoQqI4JZByh""","""6nzxy2wXs6tLgzEtqOkEi2"""
,
"""3WNxdumkSMGMJRhEgK80qx""","""26dSoYclwsYLMAKD3tpOr4"""
"""0PrcwzkQVEy4y6JPvT5bix""","""0lJlKQvuM2Sd9DPPyUXcHg"""
"""0VtMlmn7rAcWwxS3QOJo2h""","""1l7ZsJRRS8wlW3WfJfPfNS"""
"""2hjQQj7x2YipViOCw6UX1N""","""4uN3DsfENc7dp0OLO0FEIb"""
"""16FPcGpqQfcvqpCLvZsWWD""","""601893mmW5hl1FBOykWZHG"""
"""1k1Cr3nlJDa8pvwZUJ5xfj""","""7slfeZO9LsJbWgpkIoXBUJ"""
"""6PELMehRtCwGXXyFS0fLKR""","""2S8UlyXW4JjjHcbeg8ddIo"""
"""3Gby5NNeNYkMgAnrtEA3lc""","""2DlGxzQSjYe5N6G9nkYghR"""
"""0UccZZgelTAbbk3OSPZymO""","""2sil8z5kiy4r76CRTXxBCA"""
"""1Co6e9ag1gRKcWdG7xKcCi""","""05oH07COxkXKIMt6mIPRee"""
"""1NslKOZobWxINFaFkLol3r""","""5rSXSAkZ67PYJSvpUpkOr7"""
,
"""2kyTLcEZe6nc1s6ve0zW9P""","""2iEvnFsWxR0Syqu2JNopAd"""
"""5qC5YqtLMlsm5Pyl6GtfpP""","""4NgNsOXSwIzXlUIJcpnNUp"""
,
"""1CvjjpvqVMoyprsf74bpYW""","""0TImkz4nPqjegtVSMZnMRq"""
"""283NWqNsCA9GwVHrJk59CG""","""1Y8cdNmUJH7yBTd9yOvr5i"""
,
"""11BDZR6NRHwPiPy1WQr4Jf""","""1w5Kfo2jwwIPruYS2UWh56"""
"""5h8mQU9rnmFA5S8PO7gCWT""","""0LyfQWJT6nXafLPZqxe9Of"""
"""0wvQovgaVU99eqw8n3g22S""","""5rSXSAkZ67PYJSvpUpkOr7"""
"""183XphT974zDxwM5QxETET""","""7qG3b048QCHVRO5Pv1T5lw"""
,
"""3APVCDFvi77ex2VZxl4pWS""","""14ZxDAK6ITtZZqPdiWrvSn"""
"""6MCNMOCRsh6nxs7PNzc0zN""","""5gznATMVO85ZcLTkE9ULU7"""
"""2hjQQj7x2YipViOCw6UX1N""","""4uN3DsfENc7dp0OLO0FEIb"""
"""5VljSlqVFj6AlttWE82WC2""","""0LyfQWJT6nXafLPZqxe9Of"""
"""0vOj0JVKv2bobFBBUTjgQF""","""5e4Dhzv426EvQe3aDb64jL"""
,
"""2Y9IRtehByVkegoD7TcLfi""","""0L8ExT028jH3ddEcZwqJJ5"""
,
"""2Rmjd5rIL3SpcPhwSUcyla""","""4iHNK0tOyZPYnBU7nGAgpQ"""
"""5J0kPrSHVGdNhPNpNmi981""","""6V03b3Y36lolYP2orXn8mV"""
"""6DZdRerOCdaQyBLwntH2cX""","""1FizW0swe8ODtXvEOHXbHX"""
,
"""2gToC0XAblE9h3UZD6aAaQ""","""6TcnmlCSxihzWOQJ8k0rNS"""
"""2Uc0HAF0Cj0LAgyzYZX5e3""","""2Mu5NfyYm8n5iTomuKAEHl"""
"""41GaNTO6AagOC6CEoATrPF""","""46lnlnlU0dXTDpoAUmH6Qx"""
"""1srJ4xgMWliQdwquG81ObA""","""08p7B5OtcUuVblvkQIlBhJ"""
"""00NABajpGsPCObfcl4LJsM""","""6XpaIBNiVzIetEPCWDvAFP"""
"""45gbCmUeq5ZMgXiDkPweRD""","""6Ff53KvcvAj5U7Z1vojB5o"""
"""0D5vG8Ue7MHe4TxRm2t9Z9""","""4TROLx8HvrnfGGNo2ngL2N"""
,
,
"""4vUXTcKz7tXxrNl84meN6i""","""3Ngh2zDBRPEriyxQDAMKd1"""
"""4M3ZR714EWG904OX0XXQbp""","""1nSRa2YjjFWJLHGKM07oGQ"""
"""3v17hBg9lx5vdJQ8Dfr6OD""","""3KEb1kbIZN5jumsjFEWgSW"""
"""1k1Cr3nlJDa8pvwZUJ5xfj""","""7slfeZO9LsJbWgpkIoXBUJ"""
"""2esWeP8Ln1sXA0jbDmi3Zq""","""41qil2VaGbD194gaEcmmyx"""
"""66oHhkpwRWqMU0xwwfEFXy""","""6FbDoZnMBTdhhhLuJBOOqP"""
,
"""1ckBGyrkltenXO6WNFkqxj""","""6roFdX1y5BYSbp60OTJWMd"""
"""0vOj0JVKv2bobFBBUTjgQF""","""5e4Dhzv426EvQe3aDb64jL"""
"""2jQdDSxc2T21OFC72lAMYL""","""5NDMothbpdpq2xHqSjrrWn"""
"""280dlb1eZeAvo8Gnfe80nE""","""4ryyCNxkhfBSXHx4k2lo3T"""
,
"""0mqGFxOIb7nOwVkXTx1wsk""","""3wVllS5itPK6rpHwfvNce4"""
,
"""1nYDNtR0OsIpNHlGwi2Ban""","""2AEcSFddxmvXT0A7rBwyVL"""
"""0UccZZgelTAbbk3OSPZymO""","""2sil8z5kiy4r76CRTXxBCA"""
,
"""6L5uROBQ5wy3MOPI334RHE""","""1255GTUKNCLCTvH9ctD4cT"""
"""4I8szVY9j0NJAOz7tmnZVy""","""2cNV8vNe2fPFf6OfGOBbSS"""
"""39FfOWdtZLLY1lMn2R3UIm""","""6V03b3Y36lolYP2orXn8mV"""
"""5J0kPrSHVGdNhPNpNmi981""","""6V03b3Y36lolYP2orXn8mV"""
"""2ENlJXygQX6en4iziijet6""","""43sZBwHjahUvgbx1WNIkIz"""
"""5WFeAq9MOKyPvOB9NpUtQw""","""77OlE8SkEHDkJczfswzDFo"""
"""3UuOV0067Agbr3L9bE1D9K""","""5aEWnrN8h3MhuFUPRfaVuy"""
"""00NABajpGsPCObfcl4LJsM""","""6XpaIBNiVzIetEPCWDvAFP"""
,
,
"""1Co6e9ag1gRKcWdG7xKcCi""","""05oH07COxkXKIMt6mIPRee"""
"""0vOj0JVKv2bobFBBUTjgQF""","""5e4Dhzv426EvQe3aDb64jL"""
"""5NndKV7nc18qRQfFvLgZ1k""","""6oMfS8fHX0CyDwRptywVjr"""
"""2zG5uEJ1zY00uN6qXjPu5d""","""4wLXwxDeWQ8mtUIRPxGiD6"""
"""0yfC7hiO3iAaVvNCVcwjVY""","""7r8RF1tN2A4CiGEplkp1oP"""
,
"""0ZnKlkQrZb1xDbT8bmPSjo""","""6k0IBR0lU42s2GYpNX7kA9"""
"""4yRYsQZfQpzkoVWH2XCX66""","""2mxe0TnaNL039ysAj51xPQ"""
"""67qNNUSHekqSliS7Q1XZj6""","""3grHWM9bx2E9vwJCdlRv9O"""
"""6FoiXUlfC8amjO8yqmYZM5""","""3qbnxnvUqR14MJ9g8QwZJK"""
"""3WNxdumkSMGMJRhEgK80qx""","""26dSoYclwsYLMAKD3tpOr4"""
"""3bWL0iiUheYCZxKRYL85c5""","""5spEJXLwD1sKUdC2bnOHPg"""
"""2KVpGKVIzcK9bB13MXJGEb""","""7FtVJzRtpQpU61nBwB7cKN"""
,
,
,
"""2H92YDnilH9i3oguOjsnTM""","""3SIW6eVIZSz9V05WsaKIr3"""
,
"""0UccZZgelTAbbk3OSPZymO""","""2sil8z5kiy4r76CRTXxBCA"""
,
"""74T4OTGbvmJWobgc4ABtMq""","""2Ca9nb6MJ3lwyF7dRNJm3M"""
,
"""2syxP3j7sO6A5NiRPt37H3""","""5vngPClqofybhPERIqQMYd"""
,
,
"""3BGPil8BDPVoDK0lnUPtvb""","""25NQNriVT2YbSW80ILRWJa"""
,
,
"""2hwM2z7y5OWRkCZ9cPaOLq""","""3zTOe1BtyTkwNvYZOxXktX"""
"""2gJ6axVHAsQmmO6nslQRN1""","""6Hizgjo92FnMp8wGaRUNTn"""
"""283NWqNsCA9GwVHrJk59CG""","""1Y8cdNmUJH7yBTd9yOvr5i"""
"""5S4ycMpNlcTpLaO7u6mkkb""","""3NRFinRTEqUCfaTTZmk8ek"""
"""6FoiXUlfC8amjO8yqmYZM5""","""3qbnxnvUqR14MJ9g8QwZJK"""
"""2HqQR5SkxWX7uUWaxlLksn""","""3Ngh2zDBRPEriyxQDAMKd1"""
"""0UZsKcXzOehMvFWTiBlwMi""","""3X458ddYA2YcVWuVIGGOYe"""
"""3Nyjm9NBEdiaiWr2BEaV46""","""43sZBwHjahUvgbx1WNIkIz"""
"""3Xyr9OCw0F6jKRpbPbcHhz""","""44d6kiYityw5RMbE6lRv6i"""
"""283NWqNsCA9GwVHrJk59CG""","""1Y8cdNmUJH7yBTd9yOvr5i"""
"""0nyora4kbjBGE4d1B9gxnm""","""6x9QLdzo6eBZxJ1bHsDkjg"""
"""5gO2acKSOaJnP0Mcy8IpU6""","""2RTUTCvo6onsAnheUk3aL9"""
"""1FtowJguLCYT0Fe2xAsKMb""","""1KCSPY1glIKqW2TotWuXOR"""
"""3e3PxWKqv7lyZaR5d02abW""","""6tbjWDEIzxoDsBA1FuhfPW"""
"""6yJxXjxLIx0EHWAs6Wasyq""","""4qwGe91Bz9K2T8jXTZ815W"""
"""0VtMlmn7rAcWwxS3QOJo2h""","""1l7ZsJRRS8wlW3WfJfPfNS"""
"""0ZnKlkQrZb1xDbT8bmPSjo""","""6k0IBR0lU42s2GYpNX7kA9"""
"""20RMokVwJ2wjQ0s8FOdOFC""","""6Ff53KvcvAj5U7Z1vojB5o"""
"""2zG5uEJ1zY00uN6qXjPu5d""","""4wLXwxDeWQ8mtUIRPxGiD6"""
"""2zG5uEJ1zY00uN6qXjPu5d""","""4wLXwxDeWQ8mtUIRPxGiD6"""
"""6J9fX2iXc9W7ILQUWvEhAx""","""0iVrCROxeyon7MZUW3MfzT"""
"""0nyora4kbjBGE4d1B9gxnm""","""6x9QLdzo6eBZxJ1bHsDkjg"""
"""50DkoLL4ArRVXhWx9ssQSe""","""4ylR3zwA0zaapAu94fktwa"""
"""20RMokVwJ2wjQ0s8FOdOFC""","""6Ff53KvcvAj5U7Z1vojB5o"""
"""4Weiw9hd6IyxyjRyeDp3dF""","""4S9EykWXhStSc15wEx8QFK"""
"""2HWBPvQoaMFBF6krXyzpOv""","""2gBjLmx6zQnFGQJCAQpRgw"""
"""4M3ZR714EWG904OX0XXQbp""","""1nSRa2YjjFWJLHGKM07oGQ"""
"""5ySxm9hxBNss01WCL7GLyQ""","""5rSXSAkZ67PYJSvpUpkOr7"""
,
"""1vaydA93AMLnjddGnQM15Q""","""7y1GT7SdgGiFLWoktv2TSw"""
"""79ty6vv6sUpLvFaToOwV6K""","""5Hc7Snbr34G3APq6IxmoZ5"""
"""4BcmNEt6VK0KBVsVY8yClD""","""306JHpIRGVaQd6OltnOzUO"""
"""3Nyjm9NBEdiaiWr2BEaV46""","""43sZBwHjahUvgbx1WNIkIz"""
"""183XphT974zDxwM5QxETET""","""7qG3b048QCHVRO5Pv1T5lw"""
"""0VtMlmn7rAcWwxS3QOJo2h""","""1l7ZsJRRS8wlW3WfJfPfNS"""
"""5FA0SqkvmxtJi96oCqBjHb""","""7liFhc0PDIx8etigqd2WhW"""
"""5qt11cWjSs5Gbqj2Wyfu38""","""6FBDaR13swtiWwGhX1WQsP"""
"""3BGPil8BDPVoDK0lnUPtvb""","""25NQNriVT2YbSW80ILRWJa"""
"""0VtMlmn7rAcWwxS3QOJo2h""","""1l7ZsJRRS8wlW3WfJfPfNS"""
"""7z6LqzGLGd6tnWvsH9iojB""","""6TcnmlCSxihzWOQJ8k0rNS"""
"""7uBPEVNhaQa2G68Rd6mToK""","""2d3VHzlOEwXvmBdS4pzOPL"""
,
"""4tIkdOt2ohTHJ1VptEwNu3""","""7Aq8lpLMSt1Zxu56pe9bmp"""
"""00NABajpGsPCObfcl4LJsM""","""6XpaIBNiVzIetEPCWDvAFP"""
"""2UQrm3KoMSJ16a2PTUlx2E""","""2iEvnFsWxR0Syqu2JNopAd"""
"""54vbD17F1t5q3yHkj1cX37""","""64rxQRJsLgZwHHyWKB8fiF"""
,
"""6t7956yu5zYf5A829XRiHC""","""7dGJo4pcD2V6oG8kP0tJRR"""
"""1FtowJguLCYT0Fe2xAsKMb""","""1KCSPY1glIKqW2TotWuXOR"""
"""6OlIbU9i7OaBrBqx7ZYAFS""","""2MGT7CYlixSPxAnnkhLpaA"""
"""2GQ3ljlp19JGE7qvE89PqF""","""694QW15WkebjcrWgQHzRYF"""
"""5PmgtkodFl2Om3hMXONDll""","""26dSoYclwsYLMAKD3tpOr4"""
"""2z4kcQqO0W8des2nWq5ECY""","""2tFN9ubMXEhdAQvdQxcsma"""
"""1kHtdr0UzfWEJOph11IkI0""","""6V03b3Y36lolYP2orXn8mV"""
"""5G6pS4ES22Np0hehqJYIct""","""01WjpKiWVNurV5hjIadB8C"""
"""2Y9IRtehByVkegoD7TcLfi""","""0L8ExT028jH3ddEcZwqJJ5"""
,
"""6FaDCE5IxXXMXVn3etukKq""","""1qyAl8T6GTcaOViaI7fs1j"""
"""4tIkdOt2ohTHJ1VptEwNu3""","""7Aq8lpLMSt1Zxu56pe9bmp"""
"""65QQadPIDZ96Aad8AA35oJ""","""0AunegKKH2ys98aLxq8G1A"""
"""5fjNNSyiwXoOQMCW4dLjJ2""","""6I6t21SFbxZ7RbQgD5dN7U"""
"""01riz9JMpPdL99fYhoZaph""","""5KNqYrivNgVCHBssEUSu5B"""
,
"""7nFlAxnXMrQRpM1R80pKQm""","""7dOBabd5O4CvKrg4iriHTM"""
"""388lv1ynvLzyJooZsNmf0l""","""3LIJJJkO7R5RasRwt7xIn5"""
"""3cADvHRdKniF9ELCn1zbGH""","""7IfculRW2WXyzNQ8djX8WX"""
"""01aoYWjhjshlHf5vJNYb03""","""3FUY2gzHeIiaesXtOAdB7A"""
"""0K2A6RaCTpcNKTZwvLMeqY""","""1HwM5zlC5qNWhJtM00yXzG"""
,
,
"""1AGAaPw6yMh1WCAninJag0""","""3ltFy7g6KKQPPttsdOMlq3"""
"""22pfCAdDOgyC2JfSi5OwxT""","""5Z1CCuBsyhEHngq3U5IraY"""
,
"""3WNxdumkSMGMJRhEgK80qx""","""26dSoYclwsYLMAKD3tpOr4"""
"""3w69KK7uEA8OsKuW3OeQcC""","""3NRFinRTEqUCfaTTZmk8ek"""
"""2WGkSBM2qqgRVO01A301BB""","""24VF2kZrBFn1WvJ5oF1SRf"""
"""2syxP3j7sO6A5NiRPt37H3""","""5vngPClqofybhPERIqQMYd"""
"""01riz9JMpPdL99fYhoZaph""","""5KNqYrivNgVCHBssEUSu5B"""
"""3UBjWaGRf6ppcvnJd9M9UC""","""2bA6fzP0lMAQ4kz6CF61w8"""
"""3yWndEe8eqSlbp2b9dAFWU""","""6roFdX1y5BYSbp60OTJWMd"""
"""0UccZZgelTAbbk3OSPZymO""","""2sil8z5kiy4r76CRTXxBCA"""
,
"""6cjSRvVq8KVsYMkYH4GXn0""","""0ThrQemMA2B8xxusTUl8IM"""
"""5NwzdF5qHEtXT6SepzhWJv""","""738OS3zrCO782uDiUN9pet"""
"""1mujD0TLUx27MXlxune8nb""","""0aNCjE72yyrhKQB1qfPBpi"""
"""0oFog5D96o6hSZXSj0obCn""","""0tRRrNLQY5rejEDVSjy4w3"""
"""0H2qV2ddu8h8IBnxIUo9Dv""","""3qbnxnvUqR14MJ9g8QwZJK"""
"""5q8AaOLpjlUQTn9KaQnI0f""","""4p07QU02SrLsaORo25h2Lg"""
,
"""6DZdRerOCdaQyBLwntH2cX""","""1FizW0swe8ODtXvEOHXbHX"""
,
"""3y6G5El2I6QrJA9BdfAbqA""","""25IG9fa7cbdmCIy3OnuH57"""
"""4e0MOgtJeKQXt0MQGzFVcY""","""0LyfQWJT6nXafLPZqxe9Of"""
"""2HcjLD0ButtKsQYqzoyOx9""","""1Y8cdNmUJH7yBTd9yOvr5i"""
"""0qBAPMZBIkek4j6MIRLK3v""","""7L12TqJ0fbwtFljTbwfwRI"""
"""7LN1DM2rLG5GFezakJF4vk""","""2DlGxzQSjYe5N6G9nkYghR"""
"""2CW02evpO85vRxOSYx7zcP""","""12Kgt2eahvxNWhD5PnSUde"""
"""1VKNHcrUppE8i5oAhg4o6k""","""5PokPZn11xzZXyXSfnvIM3"""
"""5qUlPoDmNxCSzqVx81RDLJ""","""3DiDSECUqqY1AuBP8qtaIa"""
"""6yJxXjxLIx0EHWAs6Wasyq""","""4qwGe91Bz9K2T8jXTZ815W"""
,
"""1XSt1AyDHzwwnyxcs8gwXX""","""2DlGxzQSjYe5N6G9nkYghR"""
"""2HqQR5SkxWX7uUWaxlLksn""","""3Ngh2zDBRPEriyxQDAMKd1"""
,
"""5HC0K52InwrhTEd5zDPzRk""","""2mpeljBig2IXLXRAFO9AAs"""
"""1cW0de5T5fdedlS4YqvyCv""","""5gznATMVO85ZcLTkE9ULU7"""
"""2HcjLD0ButtKsQYqzoyOx9""","""1Y8cdNmUJH7yBTd9yOvr5i"""
"""3EIwRVOXjqWAxVLt7raduU""","""6vytZ677lz4LzCrUDcDokM"""
,
,
"""5jp2GvFmxYbKge605mja3F""","""5KDIH2gF0VpelTqyQS7udb"""
"""6k16WXh4rKyusIoN00rmpi""","""23zg3TcAtWQy7J6upgbUnj"""
,
"""4jNUqLLTYdMHhH8Z8tt93S""","""5EvFsr3kj42KNv97ZEnqij"""
,
"""0Fc7RtFLwtDz5pD622l7kQ""","""2DnqqkzzDKm3vAoyHtn8So"""
"""6QlbqTqKJt1UnuH3PLz9mb""","""7urq0VfqxEYEEiZUkebXT4"""
"""2i6nd4FV6y7K9fln6eelmR""","""3YcBF2ttyueytpXtEzn1Za"""
"""36I3DK8uBlxhmkEGxOULdG""","""0LlPal5iJGcCWwZp8VefVs"""
"""2HcjLD0ButtKsQYqzoyOx9""","""1Y8cdNmUJH7yBTd9yOvr5i"""
,
"""2tm3Ht61kqqRZtIYsBjxEj""","""1G9G7WwrXka3Z1r7aIDjI7"""
"""76QqoE30i9HVwxtxYMkWXT""","""2DlGxzQSjYe5N6G9nkYghR"""
"""3BGPil8BDPVoDK0lnUPtvb""","""25NQNriVT2YbSW80ILRWJa"""
,
"""0hdOk76DmEMYI6QV92mIin""","""4iSKnRZAxkmqNok6tv10Se"""
,
"""5QJmKwPveBV4IwLlo4OcG4""","""1XkoF8ryArs86LZvFOkbyr"""
"""5NwzdF5qHEtXT6SepzhWJv""","""738OS3zrCO782uDiUN9pet"""
,
"""3e3PxWKqv7lyZaR5d02abW""","""6tbjWDEIzxoDsBA1FuhfPW"""
"""20t54K6C80QQH7vbcpfJcP""","""2wIVse2owClT7go1WT98tk"""
,
"""5TedEgCbtmvDnXzUtXEFJY""","""2JyWXPbkqI5ZJa3gwqVa0c"""
"""6yJxXjxLIx0EHWAs6Wasyq""","""4qwGe91Bz9K2T8jXTZ815W"""
"""3Nyjm9NBEdiaiWr2BEaV46""","""43sZBwHjahUvgbx1WNIkIz"""
,
,
"""2HcjLD0ButtKsQYqzoyOx9""","""1Y8cdNmUJH7yBTd9yOvr5i"""
"""1Tm4dxG0SLeX7VgeHZO9Ix""","""2jw70GZXlAI8QzWeY2bgRc"""
"""5gO2acKSOaJnP0Mcy8IpU6""","""2RTUTCvo6onsAnheUk3aL9"""
,
"""2hjQQj7x2YipViOCw6UX1N""","""4uN3DsfENc7dp0OLO0FEIb"""
"""6yRJAw8rbqn8dJVw1nxYWb""","""7Ey4PD4MYsKc5I2dolUwbH"""
"""4tIkdOt2ohTHJ1VptEwNu3""","""7Aq8lpLMSt1Zxu56pe9bmp"""
"""3fFb0My3SuhfVMw0rBs5rt""","""5aEWnrN8h3MhuFUPRfaVuy"""
"""2qp79t3GkxRfsgsL8uBkt1""","""7r8RF1tN2A4CiGEplkp1oP"""
"""20RMokVwJ2wjQ0s8FOdOFC""","""6Ff53KvcvAj5U7Z1vojB5o"""
"""5NH94cATqx5fjBE794xZLy""","""3nFkdlSjzX9mRTtwJOzDYB"""
,
"""6cO4nqzrxmHLcLF032TXFy""","""1xeZcY93inQY14LWwnxd5G"""
,
,
,
"""388lv1ynvLzyJooZsNmf0l""","""3LIJJJkO7R5RasRwt7xIn5"""
"""2ioso1tqQ5zABQDVYyiUi5""","""6uothxMWeLWIhsGeF7cyo4"""
"""6Kykkbhfc5bRHTFw6fLqBT""","""6cStgiv1qH5z6GYrFsjuGj"""
"""7nCFDT4RoGQcXoPFTDrpGH""","""1kM5rgJvkiDMOoKX56H6pX"""
"""4cYOUdfGAj9E2IOCWTo3ZM""","""0le01dl1WllSHhjEXRl4in"""
"""2hsnnIggsWV9kvHpOO8kk3""","""2tFN9ubMXEhdAQvdQxcsma"""
"""2y7sSNd02a5uTfauRPY0lp""","""0hnmRa5ahunapQbPjKUbMK"""
"""3rSa8BooDEnGNEJevXOwgI""","""2TI7qyDE0QfyOlnbtfDo7L"""
"""7fvl3dOnDrv9rq5IBmLbAa""","""25NQNriVT2YbSW80ILRWJa"""
"""2RmMKj20xouC3Mqq1CyZ3c""","""3UVRliakQfa1pMWIsNuiZ8"""
"""6QlbqTqKJt1UnuH3PLz9mb""","""7urq0VfqxEYEEiZUkebXT4"""
"""7l1ra4zaCXyfr4yTby63t7""","""2lFHVcUeJ9Gq6AZiU3ZAOa"""
"""23pjCUj0AFDWNgh9uto3yR""","""2jw70GZXlAI8QzWeY2bgRc"""
"""1ZXM9jY3Bsg12KXgwftBrO""","""0XKOBt59crntr7HQXXO8Yz"""
"""76QqoE30i9HVwxtxYMkWXT""","""2DlGxzQSjYe5N6G9nkYghR"""
"""4aC1f4gcfN1lGRG1W9OuMJ""","""3qbnxnvUqR14MJ9g8QwZJK"""
"""5nGDOHOqBjPPFrvpySIs8A""","""2AXQzJRDvlJrq0fiVAnRy8"""
"""7gskILm9UyDvFlmmAoqn2g""","""51Blml2LZPmy7TTiAg47vQ"""
"""4BRHk20nhD24APuvO9PvC8""","""1UTPBmNbXNTittyMJrNkvw"""
"""2kT80DHqRtHQzDhQ2RCoIV""","""3ipn9JLAPI5GUEo4y4jcoi"""
"""1gia1KbXO82zqBEvaYQ6qq""","""6roFdX1y5BYSbp60OTJWMd"""
,
,
,
"""0Ap0drTLnlqwYl4sTm6HMw""","""5rNhVm2CnqiO5Lv4Dt2lck"""
,
"""3QQsh7NGbYK1Igxenqi4MZ""","""0kuEP1E9k3WBEwMKwEmp9u"""
"""7iDMtLZF5xX8Ijx3PossZk""","""3grHWM9bx2E9vwJCdlRv9O"""
"""09lZwjsn0t2T62XaGUqfwP""","""0svyIX7Xu3DVMkrOtB88i6"""
"""6wQNHLyPfngt7Yk7g2cw2u""","""2mxe0TnaNL039ysAj51xPQ"""
"""2ewYJg5AuA9bXWrvOs1mtB""","""2M4Yt7oKGoYd0wqU44k4i2"""
"""2oJxBPqylFpSb60hOJ4DcH""","""12FHARd9fY0Tu0ila4Ua25"""
"""2aO4ZbunEAG1iaw45Aiosv""","""4Eqd24yS5YcxI8b6Xfuwr8"""
"""3UBjWaGRf6ppcvnJd9M9UC""","""2bA6fzP0lMAQ4kz6CF61w8"""
,
"""0oFog5D96o6hSZXSj0obCn""","""0tRRrNLQY5rejEDVSjy4w3"""
"""2tm3Ht61kqqRZtIYsBjxEj""","""1G9G7WwrXka3Z1r7aIDjI7"""
"""2HWBPvQoaMFBF6krXyzpOv""","""2gBjLmx6zQnFGQJCAQpRgw"""
"""5gO2acKSOaJnP0Mcy8IpU6""","""2RTUTCvo6onsAnheUk3aL9"""
"""1FtowJguLCYT0Fe2xAsKMb""","""1KCSPY1glIKqW2TotWuXOR"""
"""5k5sTMloKm2hXD725RH3CY""","""06X9ub06B2zsqDpmHUqh3K"""
"""6whfi6LNFoQnkvrQAWwZix""","""7qG3b048QCHVRO5Pv1T5lw"""
"""5CmgNXCwdGuqn6EPzfb4Tq""","""0EyuKHE1AeE9lWUF8mzKVp"""
"""5fKL7vMTXvhR9tov8Kqt3u""","""6deZN1bslXzeGvOLaLMOIF"""
"""5M3BrdaT0TV5SsYsM5PM8X""","""5rkVyNGXEgeUqKkB5ccK83"""
"""4HUUHHXBXImwksfbSPqE7q""","""2gBjLmx6zQnFGQJCAQpRgw"""
,
"""2Ir1mtE8K61cCNY5WQyKGV""","""5aMmmNxw4vgpc5XC6hK0zp"""
"""5e7T2qUigzt0oIr50KsOld""","""5ILrArfIV0tMURcHJN8Q07"""
"""6hPkbAV3ZXpGZBGUvL6jVM""","""6XyY86QOPPrYVGvF9ch6wz"""
"""6vMgb2mih3pPiWUxF8VEdI""","""3ScY9CQxNLQei8Umvpx5g6"""
"""6k16WXh4rKyusIoN00rmpi""","""23zg3TcAtWQy7J6upgbUnj"""
"""4WAujFDGR5UdnGpK0tKy2v""","""3dXaa6jwM7B52GZpaJEIr5"""
"""3zXjR3y2dUWklKmmp6lEhy""","""0p4nmQO2msCgU4IF37Wi3j"""
,
"""7LN1DM2rLG5GFezakJF4vk""","""2DlGxzQSjYe5N6G9nkYghR"""
"""2ZuFyQ3E5n1L0VA9iyH0YV""","""3Ayl7mCk0nScecqOzvNp6s"""
,
"""6k16WXh4rKyusIoN00rmpi""","""23zg3TcAtWQy7J6upgbUnj"""
"""5QJmKwPveBV4IwLlo4OcG4""","""1XkoF8ryArs86LZvFOkbyr"""
,
,
"""2ENlJXygQX6en4iziijet6""","""43sZBwHjahUvgbx1WNIkIz"""
"""2cWBwpqMsDJC1ZUwz813lo""","""7dGJo4pcD2V6oG8kP0tJRR"""
"""6whfi6LNFoQnkvrQAWwZix""","""7qG3b048QCHVRO5Pv1T5lw"""
"""1agL7TUoZXr0Xd4Irievqi""","""5rScKX1Sh1U67meeUyTGwk"""
"""03pT16iWbhVKpDodI37D8b""","""1KCSPY1glIKqW2TotWuXOR"""
,
"""7IUXXDlKqqLRkJLXrrhXCo""","""4nCzT3o7lMgCWBcmdwCMsT"""
"""2ENlJXygQX6en4iziijet6""","""43sZBwHjahUvgbx1WNIkIz"""
"""4DyMK9x2gnmRkRa16zHaEV""","""0EmeFodog0BfCgMzAIvKQp"""
,
,
,
,
,
"""1GImI2mDks4CNUWvdeoYqW""","""20s0P9QLxGqKuCsGwFsp7w"""
"""5NYcTXrRZHxNyRKVOd0vs1""","""4TKTii6gnOnUXQHyuo9JaD"""
"""03pT16iWbhVKpDodI37D8b""","""1KCSPY1glIKqW2TotWuXOR"""
"""4Gb8Xs87uYNhBwh5wfG7qt""","""4GMgdB3vwbBOc42hbXEi9p"""
,
"""5ErgI599IvfYniy0UWVGBN""","""3BmGtnKgCSGYIUhmivXKWX"""
,
"""5M3BrdaT0TV5SsYsM5PM8X""","""5rkVyNGXEgeUqKkB5ccK83"""
"""3yHOaiXecTJVUdn7mApZ48""","""0hEurMDQu99nJRq8pTxO14"""
"""03pT16iWbhVKpDodI37D8b""","""1KCSPY1glIKqW2TotWuXOR"""
,
"""4WzTXHp8bVKkKNu3UQ2Fqu""","""4RVnAU35WRWra6OZ3CbbMA"""
"""5MqEXYwwyJYjOb3g7vJ9ZY""","""7FgMLbnZVrEnir95O0YujA"""
"""2cWBwpqMsDJC1ZUwz813lo""","""7dGJo4pcD2V6oG8kP0tJRR"""
"""4qPIDLGtEYMRV10MbtKWbQ""","""3UVRliakQfa1pMWIsNuiZ8"""
"""5gY77QhEAvYAjYBN0WgEv0""","""0UeVxCKyBypjQvDCT889zt"""
"""3qcWuKB3pGWcB07FWksnWr""","""4jWGfUCFeTu5e0wprRhHXR"""
"""5qUlPoDmNxCSzqVx81RDLJ""","""3DiDSECUqqY1AuBP8qtaIa"""
"""1YI5yNJkzhBpN0BoK9AO4B""","""2JyWXPbkqI5ZJa3gwqVa0c"""
,
"""6DeU398qrJ1bLuryetSmup""","""2wIVse2owClT7go1WT98tk"""
,
"""0XxoyBssbnR7VB8YmtVzLD""","""0LyfQWJT6nXafLPZqxe9Of"""
"""6whfi6LNFoQnkvrQAWwZix""","""7qG3b048QCHVRO5Pv1T5lw"""
"""3Xyr9OCw0F6jKRpbPbcHhz""","""44d6kiYityw5RMbE6lRv6i"""
"""5fSlrmZPalwAAQDwu6shK2""","""0cQbJU1aAzvbEmTuljWLlF"""
"""0pP9NBXbbRH2ZJb7fazkZy""","""5NDMothbpdpq2xHqSjrrWn"""
"""2EdZjwEgBXjtdkwkZ73fFA""","""11hIqBsGRPztdjBHCSLClX"""
,
"""5qENHeCSlwWpEzb25peRmQ""","""7dGJo4pcD2V6oG8kP0tJRR"""
"""52E4RP7XDzalpIrOgSTgiQ""","""3fMbdgg4jU18AjLCKBhRSm"""
"""7721xmJK5tmifUQdcmJ6An""","""05oH07COxkXKIMt6mIPRee"""
"""4DyMK9x2gnmRkRa16zHaEV""","""0EmeFodog0BfCgMzAIvKQp"""
,
"""2qp79t3GkxRfsgsL8uBkt1""","""7r8RF1tN2A4CiGEplkp1oP"""
,
,
,
,
"""1tDwbmrFCoTwlrfUMZnT6n""","""1P8IfcNKwrkQP5xJWuhaOC"""
"""3nAwSh2fcp3M8voQKZS2as""","""3Isy6kedDrgPYoTS1dazA9"""
"""7zBue2Vuzg4Z3ncRXaIkJg""","""6Ff53KvcvAj5U7Z1vojB5o"""
,
"""1GMj0Rx5Q6EyBYbi9Eu7Vr""","""3ipn9JLAPI5GUEo4y4jcoi"""
"""0UccZZgelTAbbk3OSPZymO""","""2sil8z5kiy4r76CRTXxBCA"""
"""5QJmKwPveBV4IwLlo4OcG4""","""1XkoF8ryArs86LZvFOkbyr"""
"""4TLa2puXCWfOXc8AyvSpBn""","""2IkHcHKErbWa0TA14yHkbl"""
"""5M3BrdaT0TV5SsYsM5PM8X""","""5rkVyNGXEgeUqKkB5ccK83"""
"""2d4eS9a7DRTlfeTKVJQ0kr""","""3grHWM9bx2E9vwJCdlRv9O"""
"""6vMgb2mih3pPiWUxF8VEdI""","""3ScY9CQxNLQei8Umvpx5g6"""
"""3ZiD100ufohy4vRSr9Wyyu""","""0iYwcf0XreyCAswJOJMOII"""
"""3Xyr9OCw0F6jKRpbPbcHhz""","""44d6kiYityw5RMbE6lRv6i"""
"""26w8J2SKCxa80Bwq6G8ctN""","""4mxWe1mtYIYfP040G38yvS"""
"""2JAeF6QauKwAmVFFc99cMF""","""6FbDoZnMBTdhhhLuJBOOqP"""
,
"""7721xmJK5tmifUQdcmJ6An""","""05oH07COxkXKIMt6mIPRee"""
"""21yoUU2rTDol51y88pMGKq""","""51d3rUlLuMh7EW09aMe7yj"""
"""5QN7mdrNquAGx37ixtQnLO""","""4S9EykWXhStSc15wEx8QFK"""
"""23pjCUj0AFDWNgh9uto3yR""","""2jw70GZXlAI8QzWeY2bgRc"""
"""2syxP3j7sO6A5NiRPt37H3""","""5vngPClqofybhPERIqQMYd"""
"""3UBjWaGRf6ppcvnJd9M9UC""","""2bA6fzP0lMAQ4kz6CF61w8"""
"""0kKfmdca8GY7bDWFWtY801""","""6ogn9necmbUdCppmNnGOdi"""
"""3zXjR3y2dUWklKmmp6lEhy""","""0p4nmQO2msCgU4IF37Wi3j"""
"""31St5diPbTZoCjOwWXSMWD""","""25IG9fa7cbdmCIy3OnuH57"""
"""26w8J2SKCxa80Bwq6G8ctN""","""4mxWe1mtYIYfP040G38yvS"""
"""6QPkyl04rXwTGlGlcYaRoW""","""31TPClRtHm23RisEBtV3X7"""
"""6Kykkbhfc5bRHTFw6fLqBT""","""6cStgiv1qH5z6GYrFsjuGj"""
"""4ycNE7y1rp5215g1kkqk1P""","""3q7HBObVc0L8jNeTe5Gofh"""
"""35Ea7OWXZPZB1vAPiaEGOM""","""2mxe0TnaNL039ysAj51xPQ"""
"""3UdSdz4TjW3tjmTZE03Ehv""","""3Isy6kedDrgPYoTS1dazA9"""
"""5Crl1dtITndJ5dt05wptyZ""","""6vWDO969PvNqNYHIOW5v0m"""
"""72olNArm75vOycSziqIX9Y""","""2RTUTCvo6onsAnheUk3aL9"""
"""0oFlNGmGpsFvvhBgnNPirh""","""3Ngh2zDBRPEriyxQDAMKd1"""
"""0Hv5X7RRaM7F3hfAq0YmzB""","""3s2wTjWxK8NOX09dmsvVOh"""
"""3Xyr9OCw0F6jKRpbPbcHhz""","""44d6kiYityw5RMbE6lRv6i"""
"""64du8CiAmKAzVswhA3RK4r""","""7dOBabd5O4CvKrg4iriHTM"""
,
"""05jX3Kda6BmEpACV7unScz""","""3ciRvbBIVz9fBoPbtSYq4x"""
,
"""52TqKxbJkOBsbjKxlKgLwu""","""0LyfQWJT6nXafLPZqxe9Of"""
,
,
"""2USigX9DhGuAini71XZEEK""","""1l7ZsJRRS8wlW3WfJfPfNS"""
,
"""3zXjR3y2dUWklKmmp6lEhy""","""0p4nmQO2msCgU4IF37Wi3j"""
,
,
"""4ycNE7y1rp5215g1kkqk1P""","""3q7HBObVc0L8jNeTe5Gofh"""
,
,
,
,
"""4wBDclsxFzGnR4kVAAMI7K""","""1yxSLGMDHlW21z4YXirZDS"""
,
"""5qENHeCSlwWpEzb25peRmQ""","""7dGJo4pcD2V6oG8kP0tJRR"""
"""4vjeaWsf9UH2ecdKXAZaq2""","""5rkVyNGXEgeUqKkB5ccK83"""
"""6QPkyl04rXwTGlGlcYaRoW""","""31TPClRtHm23RisEBtV3X7"""
"""3skbBjGnAOqfy6ndwwOT4G""","""08p7B5OtcUuVblvkQIlBhJ"""
"""6QPkyl04rXwTGlGlcYaRoW""","""31TPClRtHm23RisEBtV3X7"""
"""3WH8Q7LS2p143e5PrKGLeA""","""3kc5AFnL1TQQdNaMdSW2UO"""
,
"""31St5diPbTZoCjOwWXSMWD""","""25IG9fa7cbdmCIy3OnuH57"""
"""6DeU398qrJ1bLuryetSmup""","""2wIVse2owClT7go1WT98tk"""
,
,
"""4lSQkGgFffaUOd22Yrc25v""","""6nzxy2wXs6tLgzEtqOkEi2"""
,
"""6rqhiXmQNt6YmuavJhCVNv""","""1IO0GVa1xjkFMXsg66FiE9"""
,
,
"""5ErgI599IvfYniy0UWVGBN""","""3BmGtnKgCSGYIUhmivXKWX"""
"""3gQ2rh7TxfCgpfj40Eo8D1""","""3FUY2gzHeIiaesXtOAdB7A"""
,
"""3fK0onsqqQ6SrYzDRIdcdZ""","""13aBWT8LN4oNWWGFOu96MA"""
"""3yHOaiXecTJVUdn7mApZ48""","""0hEurMDQu99nJRq8pTxO14"""
"""4jd0qgZ4gaHW6b0lgpZKWk""","""1UdQqCUR7RwB9YYJONwbdM"""
"""3t4OgAvvOzvXw8D2NHUeDR""","""7r8RF1tN2A4CiGEplkp1oP"""
,
"""6I9GBueBmRdHdDQjbL7El1""","""4phGZZrJZRo4ElhRtViYdl"""
,
"""4DwXFYYlWyY7swtAP88QBv""","""0LyfQWJT6nXafLPZqxe9Of"""
"""7LN1DM2rLG5GFezakJF4vk""","""2DlGxzQSjYe5N6G9nkYghR"""
"""5cMMHA3CyA21eRXP1pnm0Z""","""5rScKX1Sh1U67meeUyTGwk"""
"""02SQS3hERbgOjnZc0hmWKk""","""5e4Dhzv426EvQe3aDb64jL"""
"""3rV1aPkrWyMs6YTvTpSbIY""","""20qISvAhX20dpIbOOzGK3q"""
,
"""2EdZjwEgBXjtdkwkZ73fFA""","""11hIqBsGRPztdjBHCSLClX"""
"""5uOxZXXDo9oQ8QBn4SYZR8""","""2mxe0TnaNL039ysAj51xPQ"""
"""72olNArm75vOycSziqIX9Y""","""2RTUTCvo6onsAnheUk3aL9"""
"""4ycNE7y1rp5215g1kkqk1P""","""3q7HBObVc0L8jNeTe5Gofh"""
,
,
"""3nAwSh2fcp3M8voQKZS2as""","""3Isy6kedDrgPYoTS1dazA9"""
,
"""6FoiXUlfC8amjO8yqmYZM5""","""3qbnxnvUqR14MJ9g8QwZJK"""
"""3CD4hrOqlolP5zNmhVljAU""","""5DqmNLPM1kAbSBQk2FMm6b"""
"""4WAujFDGR5UdnGpK0tKy2v""","""3dXaa6jwM7B52GZpaJEIr5"""
"""27ybknbObpx7ZWiaWvSF36""","""3sMYEBy0CZFxedcnm9i9hf"""
,
"""6AIQBilP1zUAkgOQMLTGOv""","""6FbDoZnMBTdhhhLuJBOOqP"""
"""3t4OgAvvOzvXw8D2NHUeDR""","""7r8RF1tN2A4CiGEplkp1oP"""
,
,
,
,
"""2USigX9DhGuAini71XZEEK""","""1l7ZsJRRS8wlW3WfJfPfNS"""
"""5tue3HeaFm6XHyYXhI1kww""","""1ZwdS5xdxEREPySFridCfh"""
"""0RHX9XECH8IVI3LNgWDpmQ""","""4gzpq5DPGxSnKTe4SA8HAU"""
"""10NYla7wqjbdNXNExgtRGa""","""4sbB4Yy6Qig51pKCIKSLw3"""
"""4QAuSt9sLyCwa7lAX6Vp6I""","""5rkVyNGXEgeUqKkB5ccK83"""
"""5HvSGPXR4k3PHspJrJTIqw""","""0dlwjJe4kg9TgOMN184bJF"""
"""7IL7LdxslYLbtY2d89o7qZ""","""2sBv30RzdeMVPoBXbzjIo5"""
"""1ZXM9jY3Bsg12KXgwftBrO""","""0XKOBt59crntr7HQXXO8Yz"""
"""2yeODPn8igz9qQiitOZRyJ""","""7x8nK0m0cP2ksQf0mjWdPS"""
"""47bXgGhWuf860hvtAHX1Vr""","""0H0yrKDty3I7pPrNUSH3wW"""
"""2cWBwpqMsDJC1ZUwz813lo""","""7dGJo4pcD2V6oG8kP0tJRR"""
"""0prhHOpBsrLRtf1fvv5dEg""","""4zIBkSJcqRp4ADuFI94WvO"""
"""2d4eS9a7DRTlfeTKVJQ0kr""","""3grHWM9bx2E9vwJCdlRv9O"""
,
"""2Q0kRPbxpRkKz8st8kjJxX""","""0Uo6kyjrbQoZBlcXsMb8Vm"""
"""5ruZPk2RxBoRzzwYswpXXs""","""2mxe0TnaNL039ysAj51xPQ"""
,
"""78guAsers0klWl6RwzgDLd""","""2ziB7fzrXBoh1HUPS6sVFn"""
"""1JvoMzqg04nC29gam4Qaiq""","""2Kx7MNY7cI1ENniW7vT30N"""
"""2cWBwpqMsDJC1ZUwz813lo""","""7dGJo4pcD2V6oG8kP0tJRR"""
"""7pul7RvuYLqryKehizOvsG""","""6roFdX1y5BYSbp60OTJWMd"""
"""37dLqaW3KP18Aeqesq0Exi""","""0un6YenPxWZ2VW4aFGMupM"""
,
"""1RM6MGv6bcl6NrAG8PGoZk""","""23zg3TcAtWQy7J6upgbUnj"""
"""6TqRKHLjDu5QZuC8u5Woij""","""3DiDSECUqqY1AuBP8qtaIa"""
"""5zClcGCSWj926AMjvBNSLc""","""04gDigrS5kc9YWfZHwBETP"""
,
"""7EtK7XiObsZGF6oBKLrvKH""","""2MqhkhX4npxDZ62ObR5ELO"""
,
"""1UsmQ3bpJTyK6ygoOOjG1r""","""1G9G7WwrXka3Z1r7aIDjI7"""
,
"""0NTYMm0B7adXejff1phD3F""","""2BvzbqWWwLN11XGBYgDZzx"""
"""4W3tuCluWRM89tOLcFRyZD""","""6xl3Sm4lh7eQm2CuOsvH3o"""
"""1RM6MGv6bcl6NrAG8PGoZk""","""23zg3TcAtWQy7J6upgbUnj"""
,
,
"""72olNArm75vOycSziqIX9Y""","""2RTUTCvo6onsAnheUk3aL9"""
,
"""4fygErqiNgFUic5hU42Z3E""","""6deZN1bslXzeGvOLaLMOIF"""
"""6oxVabMIqCMJRYN1GqR3Vf""","""6vWDO969PvNqNYHIOW5v0m"""
"""02w1xMzzdF2OJxTeh1basm""","""5nGIFgo0shDenQYSE0Sn7c"""
,
"""5NH94cATqx5fjBE794xZLy""","""3nFkdlSjzX9mRTtwJOzDYB"""
"""15Zjx7K5ifTVmXa3Nk5B88""","""6eBYLQONaYZhZNAVK061t6"""
"""3iJxV52syDyKSOoS6aC3cE""","""4eAOcbAXIF4BmbN6E1QIlw"""
,
,
"""6oxVabMIqCMJRYN1GqR3Vf""","""6vWDO969PvNqNYHIOW5v0m"""
"""4SxJ71noA4wcd03JfJVkKT""","""1GaBsp1ICIp1e6udgE7fba"""
"""3XCBGh4tuBd9UXGYUudjz5""","""0LyfQWJT6nXafLPZqxe9Of"""
"""6TqRKHLjDu5QZuC8u5Woij""","""3DiDSECUqqY1AuBP8qtaIa"""
,
"""7tbgPQub8dUigxMdkYDfOb""","""6vbY3hOaCAhC7VjucswgdS"""
"""0QhwxYDUougJiVDtyN4Lhm""","""0LyfQWJT6nXafLPZqxe9Of"""
"""4Gfnly5CzMJQqkUFfoHaP3""","""6XyY86QOPPrYVGvF9ch6wz"""
,
"""1Rv9WRKyYhFaGbuYDaQunN""","""04gDigrS5kc9YWfZHwBETP"""
"""0X9QCwbxIRm4MWKWnIHNaA""","""2mpeljBig2IXLXRAFO9AAs"""
"""1ZyeNQ6uvVyK3yNJDSLdRU""","""4aSEmLLxLX9wR5aLMllOKj"""
"""5fSlrmZPalwAAQDwu6shK2""","""0cQbJU1aAzvbEmTuljWLlF"""
"""0w11HUk0hE4WZ95Bvp6vNI""","""4hqDqHtBlgxXpLXVYf7c8L"""
"""74vOYS42TQlt6AlJB1nXxX""","""2MVJ6LQcUHdZY95sCePcy1"""
"""5YXBnZzECnOFgssE5q43go""","""0IF46mUS8NXjgHabxk2MCM"""
"""3hJHXxX04PNuGFIxdEHGzg""","""3ipn9JLAPI5GUEo4y4jcoi"""
"""3ff2p3LnR6V7m6BinwhNaQ""","""5K4W6rqBFWDnAN6FQUkS6x"""
,
,
,
,
"""0z7pVBGOD7HCIB7S8eLkLI""","""26dSoYclwsYLMAKD3tpOr4"""
,
"""1tCJPKhKa3j1OBgz0MhBUV""","""2tFN9ubMXEhdAQvdQxcsma"""
"""2VEuUgMk7r1fFYQ4toPVHc""","""6S58b0fr8TkWrEHOH4tRVu"""
,
"""3nqpvovKVQjRrlFuxwIVbG""","""0H0yrKDty3I7pPrNUSH3wW"""
"""7851Vsjv3apS52sXUik6iF""","""0p4nmQO2msCgU4IF37Wi3j"""
"""0Nk2ClpAEN3dLyzpKDVE2v""","""3vDUJHQtqT3jFRZ2ECXDTi"""
"""1UsmQ3bpJTyK6ygoOOjG1r""","""1G9G7WwrXka3Z1r7aIDjI7"""
"""6ZIfULvfXHqu6jcNm6vfSl""","""7Aq8lpLMSt1Zxu56pe9bmp"""
"""0b6ivSFfDs38MG7aLn9rvO""","""1Y8cdNmUJH7yBTd9yOvr5i"""
"""61EgDesQnFVyYf2UneM9PQ""","""5Qi4Bb7a8C0a00NZcA77L0"""
,
"""3ff2p3LnR6V7m6BinwhNaQ""","""5K4W6rqBFWDnAN6FQUkS6x"""
"""3P7zOlM3IYKqW7f4Px6WKv""","""5pnbUBPifNnlusY8kTBivi"""
"""1wpdvR1qooZm5UbSohCuOx""","""1y20PpXw0yeuJ1avCD0Ob9"""
"""3YzWXPYINLdwFHmjk1CO9T""","""0AunegKKH2ys98aLxq8G1A"""
"""548NoYLgqSBDTNIYvlpDu5""","""4Q5sPmM8j4SpMqL4UA1DtS"""
"""4KbP58I8HjOsd1S8J7Ahjx""","""0niJkG4tKkne3zwr7I8n9n"""
"""3aI9HsN4um246qpCR8r7oW""","""1P8IfcNKwrkQP5xJWuhaOC"""
,
,
"""05jX3Kda6BmEpACV7unScz""","""3ciRvbBIVz9fBoPbtSYq4x"""
,
"""4lSQkGgFffaUOd22Yrc25v""","""6nzxy2wXs6tLgzEtqOkEi2"""
"""78IbgGcKueK33SETMOQfaj""","""3C4t1usFGoKHCSRdujm2GN"""
"""5gDAEao3VxFdbm8vS0koQq""","""3BmGtnKgCSGYIUhmivXKWX"""
,
"""6NrLpQCPYrNS3kVWxDgIlg""","""5ypxebeHEIXjMtJb17uJlI"""
"""3o03nl4jDQYUDuX9d8lylY""","""7FgMLbnZVrEnir95O0YujA"""
"""5ruZPk2RxBoRzzwYswpXXs""","""2mxe0TnaNL039ysAj51xPQ"""
"""0y13VbGddQ4azdVWakksAL""","""6XyY86QOPPrYVGvF9ch6wz"""
,
"""0os1Gz3XMM6dduZSMxVuXs""","""6roFdX1y5BYSbp60OTJWMd"""
"""26w8J2SKCxa80Bwq6G8ctN""","""4mxWe1mtYIYfP040G38yvS"""
"""0z7pVBGOD7HCIB7S8eLkLI""","""26dSoYclwsYLMAKD3tpOr4"""
,
"""3DFVychHEHSGoVtzuFP2cQ""","""4L3GTE04bW5N7azA9QPhjA"""
,
,
"""4wBDclsxFzGnR4kVAAMI7K""","""1yxSLGMDHlW21z4YXirZDS"""
,
"""2Tdnfm5r67axCG3FPhkZFL""","""2bA6fzP0lMAQ4kz6CF61w8"""
,
"""7851Vsjv3apS52sXUik6iF""","""0p4nmQO2msCgU4IF37Wi3j"""
"""0xBQEVKKlFKaetqike1qXK""","""0u2FHSq3ln94y5Q57xazwf"""
"""5ruZPk2RxBoRzzwYswpXXs""","""2mxe0TnaNL039ysAj51xPQ"""
"""4wBDclsxFzGnR4kVAAMI7K""","""1yxSLGMDHlW21z4YXirZDS"""
,
"""51G8SmLrrbgrlBaUXUCBQ3""","""0IdYRFTswLdsGwSnzOaGNF"""
"""1kTlYbs28MXw7hwO0NLYif""","""7dGJo4pcD2V6oG8kP0tJRR"""
"""5ac37rWzJxLvBcXyu6ShVz""","""7mPcfx7PhnBh6n4HMCd61A"""
"""2d4eS9a7DRTlfeTKVJQ0kr""","""3grHWM9bx2E9vwJCdlRv9O"""
"""43iBTEWECK7hSnE0p6GgNo""","""4iHNK0tOyZPYnBU7nGAgpQ"""
"""1HduTydfaUY3idi2YgT3mb""","""4yiQZ8tQPux8cPriYMWUFP"""
"""7EXstuWka51pNFzEAidEol""","""20s0P9QLxGqKuCsGwFsp7w"""
"""5gDAEao3VxFdbm8vS0koQq""","""3BmGtnKgCSGYIUhmivXKWX"""
"""6gQ2EJveKATDWJKQaW7IsR""","""2NdeV5rLm47xAvogXrYhJX"""
,
"""5dN7F9DV0Qg1XRdIgW8rke""","""7oPftvlwr6VrsViSDV7fJY"""
,
"""5iZmfzUj3rizqYgsXKIlrU""","""0GRelLAVHzwasg0Ja7gJUy"""
"""5gDAEao3VxFdbm8vS0koQq""","""3BmGtnKgCSGYIUhmivXKWX"""
"""2pidzXTaHV4WaIJYRxKDCH""","""3q7HBObVc0L8jNeTe5Gofh"""
"""3wJfFDP79V0vuGaAasTIz6""","""5PokPZn11xzZXyXSfnvIM3"""
"""2szeSQtOcJgRhDXmTS3SIf""","""1yxSLGMDHlW21z4YXirZDS"""
,
"""43iBTEWECK7hSnE0p6GgNo""","""4iHNK0tOyZPYnBU7nGAgpQ"""
"""4undIeGmofnAYKhnDclN1w""","""0C0XlULifJtAgn6ZNCW2eu"""
"""2pidzXTaHV4WaIJYRxKDCH""","""3q7HBObVc0L8jNeTe5Gofh"""
"""4FyGpObwABjn0o8Tdp7AZz""","""5pKCCKE2ajJHZ9KAiaK11H"""
"""6dRQ75jRmBDa9XxepYvmWK""","""0GRelLAVHzwasg0Ja7gJUy"""
"""4D8A8M0NJjEdQhusawyeDz""","""3jOstUTkEu2JkjvRdBA5Gu"""
,
"""07hC5JSKAodpBIVR6A772E""","""3aBkeBhwadnWMWoVJ2CxJC"""
,
,
,
,
"""5gDAEao3VxFdbm8vS0koQq""","""3BmGtnKgCSGYIUhmivXKWX"""
"""2Zn6qjbnBEy1f6KRBk2S93""","""41qil2VaGbD194gaEcmmyx"""
,
"""0QhwxYDUougJiVDtyN4Lhm""","""0LyfQWJT6nXafLPZqxe9Of"""
,
"""2szeSQtOcJgRhDXmTS3SIf""","""1yxSLGMDHlW21z4YXirZDS"""
,
"""1RM6MGv6bcl6NrAG8PGoZk""","""23zg3TcAtWQy7J6upgbUnj"""
"""4BDcRgUXzSuFCsHtExoJjf""","""1eAJ2GrxUU5nJYEqaxQWvW"""
"""5vBMlBqVQDFC8555ORqppr""","""4RddZ3iHvSpGV4dvATac9X"""
"""0bUTHlWbkSQysoM3VsWldT""","""3AA28KZvwAUcZuOKwyblJQ"""
"""44AVPs6VGKnZHinQNWd6Xd""","""2RTUTCvo6onsAnheUk3aL9"""
"""5dN7F9DV0Qg1XRdIgW8rke""","""7oPftvlwr6VrsViSDV7fJY"""
"""5nkUSlIhtoJZMOUlB0sNCp""","""4UXqAaa6dQYAk18Lv7PEgX"""
"""5Kexjw3aLUrvDNAGrUMAmE""","""6XwcepfAsPhrvwziGxhwju"""
,
"""69ny9Y7VrjVP7JNK0xhYke""","""6deZN1bslXzeGvOLaLMOIF"""
"""77eKpEVxmSr1RhqMlirlTF""","""0z4gvV4rjIZ9wHck67ucSV"""
"""0bQBS1GmZ2sqbHcqiQnldn""","""0ekbDNE2eOq8QiaXM34wer"""
"""5dN7F9DV0Qg1XRdIgW8rke""","""7oPftvlwr6VrsViSDV7fJY"""
"""5D7khI4iB1RseZNgoBQPLi""","""4HgF4KnohByNElYid7iCNb"""
,
"""29mRMoVBaZbFgJ2PzeaPB6""","""3jahzTuztFVegfKXChatkY"""
"""4o4LYrkoMsFUTYQqBxboeH""","""3ScY9CQxNLQei8Umvpx5g6"""
"""3IwJYk2qy7gBGFOmOjYsqN""","""7jFaoqWPhYLrKzjzlpXmUO"""
,
,
,
,
"""6TqRKHLjDu5QZuC8u5Woij""","""3DiDSECUqqY1AuBP8qtaIa"""
"""4E7bV0pzG0LciBSWTszra6""","""4gzpq5DPGxSnKTe4SA8HAU"""
"""0Fm4Qx8IVHEEBYPeRzNUGI""","""5DYAABs8rkY9VhwtENoQCz"""
"""1kTlYbs28MXw7hwO0NLYif""","""7dGJo4pcD2V6oG8kP0tJRR"""
,
"""1Rv9WRKyYhFaGbuYDaQunN""","""04gDigrS5kc9YWfZHwBETP"""
,
"""0tkYbxsTPQ5kTVdrvj4S3f""","""44PA0rCQXikgOWbfY7Fq7m"""
"""0A0F3AqFbEy1ZQgJwAXFzm""","""5rSXSAkZ67PYJSvpUpkOr7"""
"""1oFucub5OjyG4XPsDUzhil""","""4OBJLual30L7gRl5UkeRcT"""
"""0b6ivSFfDs38MG7aLn9rvO""","""1Y8cdNmUJH7yBTd9yOvr5i"""
"""7w2MdUz4qr0477ZtEY10pl""","""08rMCq2ek1YjdDBsCPVH2s"""
"""2eprpJCYbCbPZRKVGIEJxZ""","""7jy3rLJdDQY21OgRLCZ9sD"""
"""0yv6r2Prvx8j0tibLJf9pj""","""4iHNK0tOyZPYnBU7nGAgpQ"""
"""7FJsaymH7rlQ7vyUgPO3Ya""","""4lFOyLUXnV2Emuus9X8xpA"""
"""3TqvvuCMcTpSjFvAToQT8A""","""4xFUf1FHVy696Q1JQZMTRj"""
"""5gDAEao3VxFdbm8vS0koQq""","""3BmGtnKgCSGYIUhmivXKWX"""
"""09akBiw2Divm9zvF7GMJup""","""7xAcVHPiirnUqfdqo0USb1"""
"""5Kexjw3aLUrvDNAGrUMAmE""","""6XwcepfAsPhrvwziGxhwju"""
"""2gidE8vgVOkYufANjuvj3S""","""2Hjj68yyUPiC0HKEOigcEp"""
"""1HduTydfaUY3idi2YgT3mb""","""4yiQZ8tQPux8cPriYMWUFP"""
"""1KushUovbraTDRu9sbO5fg""","""3ipn9JLAPI5GUEo4y4jcoi"""
,
"""1oFucub5OjyG4XPsDUzhil""","""4OBJLual30L7gRl5UkeRcT"""
"""1meis09isQJFDA65afUTt8""","""7o95ZoZt5ZYn31e9z1Hc0a"""
"""2szeSQtOcJgRhDXmTS3SIf""","""1yxSLGMDHlW21z4YXirZDS"""
"""2UhhTDJmmzO0vGWpWm0KZN""","""2DlGxzQSjYe5N6G9nkYghR"""
"""6WivmTXugLZLmAWnZhlz7g""","""0hEurMDQu99nJRq8pTxO14"""
"""4SOpJPkpAO8FT9n4sbmnoT""","""2bA6fzP0lMAQ4kz6CF61w8"""
,
"""0b6ivSFfDs38MG7aLn9rvO""","""1Y8cdNmUJH7yBTd9yOvr5i"""
"""0QtPeJVJ7l0w7K6681fbaV""","""5y2Xq6xcjJb2jVM54GHK3t"""
"""32Bu3ETQhR1PFCj3ndDlYf""","""3Isy6kedDrgPYoTS1dazA9"""
"""7gZilZGYr8M7UwEeYvdAKZ""","""01lz5VBfkMFDteSA9pKJuP"""
"""78IbgGcKueK33SETMOQfaj""","""3C4t1usFGoKHCSRdujm2GN"""
"""22zphAWMdb1RS1H8uxvXRa""","""0f5nVCcR06GX8Qikz0COtT"""
"""1YU3MPIMY9rZOE899khVj2""","""07VmOvmuBp9G0gb8BTrpn0"""
,
,
,
"""0Fm4Qx8IVHEEBYPeRzNUGI""","""5DYAABs8rkY9VhwtENoQCz"""
,
"""7dtjpzbhRH1dc2gM0FLrqh""","""25NQNriVT2YbSW80ILRWJa"""
"""1KushUovbraTDRu9sbO5fg""","""3ipn9JLAPI5GUEo4y4jcoi"""
,
"""4zhigAhPwqp43XVHBiVeQI""","""7xTcuBOIAAIGDOSvwYFPzk"""
"""32Bu3ETQhR1PFCj3ndDlYf""","""3Isy6kedDrgPYoTS1dazA9"""
,
"""1ekaxA9Q5GzUPCepx4wzMF""","""7KMqksf0UMdyA0UCf4R3ux"""
,
"""1meis09isQJFDA65afUTt8""","""7o95ZoZt5ZYn31e9z1Hc0a"""
"""7p2aWivr9OLXocSTTKtG9B""","""5SbkVQYYzlw1kte75QIabH"""
,
,
"""7rzuaWl7eker4dHdJsBfGr""","""6vWDO969PvNqNYHIOW5v0m"""
"""5cnNuunPepqlcT0VoFdLOh""","""1XkoF8ryArs86LZvFOkbyr"""
"""3W18dxZsE9GnP8DQrnGeBW""","""2gBjLmx6zQnFGQJCAQpRgw"""
"""0NgiEbNqjo4ZqnSuMApXHz""","""0zOcE3mg9nS6l3yxt1Y0bK"""
"""0j1qzjaJmsF1FkcICf3hRu""","""27FGXRNruFoOdf1vP8dqcH"""
"""0muUiiPAwdoRZA3cDUxef7""","""6wPhSqRtPu1UhRCDX5yaDJ"""
,
"""6gkwOLmk0ALMOjWs5WhAEr""","""21E3waRsmPlU7jZsS13rcj"""
,
"""2JdjS6jjOml7nt7Yjo0nnh""","""5pKCCKE2ajJHZ9KAiaK11H"""
"""2YeOhhJg3OWpN0F1VYPxtW""","""20JZFwl6HVl6yg8a4H3ZqK"""
,
"""3t8HFQNlwLBW7htwLvFfzA""","""3r17AfJCCUqC9Lf0OAc73G"""
"""7xl50xr9NDkd3i2kBbzsNZ""","""0L8ExT028jH3ddEcZwqJJ5"""
,
"""0e0ks1xlvQBOsC3Gsw2EgA""","""0VKTLKamj4IH8OfQbUL0kq"""
"""5XPdkIryKSpTKW21HUtvV0""","""0a1gHP0HAqALbEyxaD5Ngn"""
"""1IM3GwptCGYjRkzCBolyFK""","""0zOcE3mg9nS6l3yxt1Y0bK"""
"""2JdjS6jjOml7nt7Yjo0nnh""","""5pKCCKE2ajJHZ9KAiaK11H"""
"""6fb7z9rBdrjzpBTg1R1Bwp""","""3rIZMv9rysU7JkLzEaC5Jp"""
"""2SmDuZSWtjukp9gkG2mcBQ""","""6BMhCQJYHxxKAeqYS1p5rY"""
"""1N3brhtZJ18AeeIYVcx1Eb""","""0N0d3kjwdY2h7UVuTdJGfp"""
"""0zRJsgzHZUUdk8Rjk6Segd""","""1l7ZsJRRS8wlW3WfJfPfNS"""
"""5nkUSlIhtoJZMOUlB0sNCp""","""4UXqAaa6dQYAk18Lv7PEgX"""
,
,
,
,
"""69ny9Y7VrjVP7JNK0xhYke""","""6deZN1bslXzeGvOLaLMOIF"""
"""5gDAEao3VxFdbm8vS0koQq""","""3BmGtnKgCSGYIUhmivXKWX"""
"""5x8e8UcCeOgrOzSnDGuPye""","""6wPhSqRtPu1UhRCDX5yaDJ"""
,
"""2szeSQtOcJgRhDXmTS3SIf""","""1yxSLGMDHlW21z4YXirZDS"""
"""5v4Vx9loqMQCS3J7OmP9pa""","""7dWYWUbO68rXJOcyA7SpJk"""
"""2gRm1k9fVkhTfZDHvBI2sR""","""7bXgB6jMjp9ATFy66eO08Z"""
"""5gDAEao3VxFdbm8vS0koQq""","""3BmGtnKgCSGYIUhmivXKWX"""
"""5PE3OnyEPOlTShpjij8Wfp""","""4AllEJE7mVkhhyUV6DjqPz"""
"""2X7s6Gt8Xz2qEwlw4GVcQo""","""4OBJLual30L7gRl5UkeRcT"""
,
"""69ny9Y7VrjVP7JNK0xhYke""","""6deZN1bslXzeGvOLaLMOIF"""
"""0yv6r2Prvx8j0tibLJf9pj""","""4iHNK0tOyZPYnBU7nGAgpQ"""
"""6gkwOLmk0ALMOjWs5WhAEr""","""21E3waRsmPlU7jZsS13rcj"""
,
"""69ny9Y7VrjVP7JNK0xhYke""","""6deZN1bslXzeGvOLaLMOIF"""
"""0fBnFYNzbSXrXs6bRfZ7La""","""6ewMqjrF31lC8ywRsvm073"""
,
,
"""3j70PDKieTWQAwas3bPHRZ""","""5zzrJD2jXrE9dZ1AklRFcL"""
"""1UnAHcFabsZQnZbPQRuwq8""","""6Uh8uJyN9g7oFjDK16nJgb"""
"""4UZzO6rBo6wjM2zfuRgd3r""","""3ZooCJzNMTLpmJaIRUEorI"""
,
,
,
,
"""4WJoghWxyWEYtVNDn1eFYl""","""0IF46mUS8NXjgHabxk2MCM"""
"""75SYfAVNuZcY0488LhZeic""","""4USNIVeRwXIAdbVSTqelbh"""
,
"""6PTPDE5KLE3IeCcqiz0712""","""0LyfQWJT6nXafLPZqxe9Of"""
"""5nkUSlIhtoJZMOUlB0sNCp""","""4UXqAaa6dQYAk18Lv7PEgX"""
"""2gRm1k9fVkhTfZDHvBI2sR""","""7bXgB6jMjp9ATFy66eO08Z"""
"""1Lr1TMh8vcdD3OvrzQTGVn""","""23LbwefIODbyGdRbAz3urj"""
,
"""361EdAZooAOGqaFAcIKPTo""","""5xuNBZoM7z1Vv8IQ6uM0p6"""
"""6kd4U67lfaBm2QAWdMh0iC""","""1YfEcTuGvBQ8xSD1f53UnK"""
"""3IFkypuR7Wij9252tKarRw""","""4VMYDCV2IEDYJArk749S6m"""
,
"""5XPdkIryKSpTKW21HUtvV0""","""0a1gHP0HAqALbEyxaD5Ngn"""
"""3lFQ9ihSNR5YD0yi0yTzdC""","""5nGIFgo0shDenQYSE0Sn7c"""
"""0kys2jaKAiDPfNBd4z7LAg""","""4xFUf1FHVy696Q1JQZMTRj"""
,
,
"""32Bu3ETQhR1PFCj3ndDlYf""","""3Isy6kedDrgPYoTS1dazA9"""
"""6t6aBQ1OKqyK9c1nPJEWeX""","""1TJbmc7jTpw78GKCiMpvDh"""
"""3wJfFDP79V0vuGaAasTIz6""","""5PokPZn11xzZXyXSfnvIM3"""
,
,
"""2gRm1k9fVkhTfZDHvBI2sR""","""7bXgB6jMjp9ATFy66eO08Z"""
"""1Xsprdt1q9rOzTic7b9zYM""","""0hEurMDQu99nJRq8pTxO14"""
,
"""2szeSQtOcJgRhDXmTS3SIf""","""1yxSLGMDHlW21z4YXirZDS"""
"""5qENHeCSlwWpEzb25peRmQ""","""7dGJo4pcD2V6oG8kP0tJRR"""
"""1hg0pQJLE9dzfT1kgZtDPr""","""6tbjWDEIzxoDsBA1FuhfPW"""
,
"""4zEAsP0RIfbGARdtsgAaUV""","""1vfezMIyCr4XUdYRaKIKi3"""
"""6gkwOLmk0ALMOjWs5WhAEr""","""21E3waRsmPlU7jZsS13rcj"""
"""2X7s6Gt8Xz2qEwlw4GVcQo""","""4OBJLual30L7gRl5UkeRcT"""
"""2gccJPbfddWfxNdvsRxL8J""","""1KCSPY1glIKqW2TotWuXOR"""
"""0bUTHlWbkSQysoM3VsWldT""","""3AA28KZvwAUcZuOKwyblJQ"""
,
"""4026u2G1eNjPTkctkj8GtX""","""3E3tW69eMfAffLGgsmP3GG"""
"""3XDvi9IQnJ4UEs9s85pqtt""","""1YIpZOfyHXMUgUaxxxgbaC"""
"""0Zd10MKN5j9KwUST0TdBBB""","""6vWDO969PvNqNYHIOW5v0m"""
,
,
"""0jwuTvP3hp2jFY08VLgvnD""","""3r17AfJCCUqC9Lf0OAc73G"""
,
"""0kys2jaKAiDPfNBd4z7LAg""","""4xFUf1FHVy696Q1JQZMTRj"""
"""4vUClKTFaDWnsHE8rK52GY""","""1g1yxsNVPhMUl9GrMjEb2o"""
,
"""0KuwW8qW9a0oKhuxydvMvk""","""2jw70GZXlAI8QzWeY2bgRc"""
,
"""6kzoWb4UzvKYgbDfAwgaFq""","""0z4gvV4rjIZ9wHck67ucSV"""
"""5dfbrFuG8lfC4Yi75J8NmK""","""0p4nmQO2msCgU4IF37Wi3j"""
"""29hJ8AFYZU98OzenrMr6iU""","""04gDigrS5kc9YWfZHwBETP"""
"""5gyBDVZqOwmncN0GwBefuc""","""3v3clM1KQgVfpPjKJFPAmx"""
,
"""42c0PgLPx6qRCZCzB8d7Pk""","""76RrKpsvOmSKG8CIjROdSG"""
"""7MEQdKzqoG2QJYcT2XEKsW""","""5P5FTygHyx2G57oszR3Wot"""
"""5hiFAVaQoyXf3mJQ0rnp6N""","""47746c33GMVhRnKjG2Zrsg"""
,
"""5wFQi4xOTXILQSKQr0Ft8s""","""6GMYJwaziB4ekv1Y6wCDWS"""
,
"""2scB1uhcCI1TSf6b9TCZK3""","""31TPClRtHm23RisEBtV3X7"""
,
"""1IM3GwptCGYjRkzCBolyFK""","""0zOcE3mg9nS6l3yxt1Y0bK"""
"""7MEQdKzqoG2QJYcT2XEKsW""","""5P5FTygHyx2G57oszR3Wot"""
,
"""3SZr5Pco2oqKFORCP3WNj9""","""5K4W6rqBFWDnAN6FQUkS6x"""
"""1hQZhUdUREkPSgSde91rYb""","""6AMa1VFQ7qCi61tCRtVWXe"""
"""2gccJPbfddWfxNdvsRxL8J""","""1KCSPY1glIKqW2TotWuXOR"""
"""73W95DD8ErZGSQSkWmrBsh""","""0PGtMx1bsqoCHCy3MB3gXA"""
"""71clfVkkopYLrgweVj2cow""","""6S0dmVVn4udvppDhZIWxCr"""
"""0hHopYqXhuvYSHtVyrcb1g""","""4UXqAaa6dQYAk18Lv7PEgX"""
,
"""5ws4f6L5OzfOg3QV5hHW2T""","""33wbkdcxtduHKY53LnI1Hf"""
,
"""69ny9Y7VrjVP7JNK0xhYke""","""6deZN1bslXzeGvOLaLMOIF"""
"""0hHopYqXhuvYSHtVyrcb1g""","""4UXqAaa6dQYAk18Lv7PEgX"""
"""2tlTBLz2w52rpGCLBGyGw6""","""6XyY86QOPPrYVGvF9ch6wz"""
"""2scB1uhcCI1TSf6b9TCZK3""","""31TPClRtHm23RisEBtV3X7"""
,
"""4G390E1M4qCVxgAcbYaFwu""","""4am1I89OWXUzFh4ctRLkdd"""
"""4T9lrw6d9iKdAe5pvWYNoH""","""59wfkuBoNyhDMQGCljbUbA"""
,
,
,
"""2SmDuZSWtjukp9gkG2mcBQ""","""6BMhCQJYHxxKAeqYS1p5rY"""
"""1Xsprdt1q9rOzTic7b9zYM""","""0hEurMDQu99nJRq8pTxO14"""
"""55ErdDg54WTAEySb0r7yzb""","""0ZrpamOxcZybMHGg1AYtHP"""
,
"""69ny9Y7VrjVP7JNK0xhYke""","""6deZN1bslXzeGvOLaLMOIF"""
"""6Lq7nLkIq7C0zVJp0OGSGO""","""1Xfmvd48oOhEWkscWyEbh9"""
"""6TyPSzd5rA2rQ9yLJJ1Gg2""","""1SImpQO0GbjRgvlwCcCtFo"""
"""73ey7ww1e9zDAoeRqyM6sB""","""15Y1yUEchPPl4w20CLvFyb"""
,
,
"""461UiTpF7jyEZN42oEOS5w""","""1fQ46lgoUCz8FVXdTVNk0a"""
"""52q9xNv8COtSU9phlbO5sg""","""21E3waRsmPlU7jZsS13rcj"""
,
"""0FZK97MXMm5mUQ8mtudjuK""","""7FBcuc1gsnv6Y1nwFtNRCb"""
,
"""6fb7z9rBdrjzpBTg1R1Bwp""","""3rIZMv9rysU7JkLzEaC5Jp"""
,
"""2scB1uhcCI1TSf6b9TCZK3""","""31TPClRtHm23RisEBtV3X7"""
"""0cuF4UYoABFPKE6GZ6Lqq8""","""0p4nmQO2msCgU4IF37Wi3j"""
,
,
"""0gX4aTUhxNbdFTJBXX7OrH""","""6aZyMrc4doVtZyKNilOmwu"""
"""0hfJ35SzCkWesdUpLKXLto""","""2NdeV5rLm47xAvogXrYhJX"""
"""2gccJPbfddWfxNdvsRxL8J""","""1KCSPY1glIKqW2TotWuXOR"""
"""4LgTmVlUlNWsfriBJ0jury""","""3BmGtnKgCSGYIUhmivXKWX"""
"""0hfJ35SzCkWesdUpLKXLto""","""2NdeV5rLm47xAvogXrYhJX"""
"""1Ypwht853ZVmsplg2DnZLI""","""7G6hXrjGpi6I7waNl4wxAk"""
,
"""097eYvf9NKjFnv4xA9s2oV""","""6Q192DXotxtaysaqNPy5yR"""
,
"""0neqylYFL6s6Ikdf3UFmUo""","""3DiDSECUqqY1AuBP8qtaIa"""
"""4WqgusSAgXkrjbXzqdBY68""","""0vWCyXMrrvMlCcepuOJaGI"""
"""5FMsv3sDsE2M3ppuJpxdhI""","""0PGtMx1bsqoCHCy3MB3gXA"""
,
,
"""4xS0NB3U8IOAobyyJy09Yk""","""6GH0NzpthMGxu1mcfAkOde"""
"""0xbRSFuLwoNrRurfUXkN09""","""6XwcepfAsPhrvwziGxhwju"""
"""7xnZ539lh8x6de9jzlpCJp""","""4yiQZ8tQPux8cPriYMWUFP"""
,
,
"""1ISFv3wJNEj1DxP64UWEMO""","""5PokPZn11xzZXyXSfnvIM3"""
,
,
"""7mzrIsaAjnXihW3InKjlC3""","""06HL4z0CvFAxyc27GXpf02"""
"""3JSWZWeTHF4HDGt5Eozdy7""","""5pKCCKE2ajJHZ9KAiaK11H"""
"""7xl50xr9NDkd3i2kBbzsNZ""","""0L8ExT028jH3ddEcZwqJJ5"""
,
,
"""69ny9Y7VrjVP7JNK0xhYke""","""6deZN1bslXzeGvOLaLMOIF"""
"""1OaIwAuOiwujt7mlst3CAR""","""0LyfQWJT6nXafLPZqxe9Of"""
"""0tcExuDWMQdBbwSpqN8Ku2""","""31TPClRtHm23RisEBtV3X7"""
"""2SmDuZSWtjukp9gkG2mcBQ""","""6BMhCQJYHxxKAeqYS1p5rY"""
"""2pCfqddO9tLKRz3wzSNGsZ""","""0niJkG4tKkne3zwr7I8n9n"""
,
,
,
"""0VaAFegRAAn4OCg7p4QjN5""","""5lKZWd6HiSCLfnDGrq9RAm"""
"""0neqylYFL6s6Ikdf3UFmUo""","""3DiDSECUqqY1AuBP8qtaIa"""
,
,
"""0QhwxYDUougJiVDtyN4Lhm""","""0LyfQWJT6nXafLPZqxe9Of"""
"""2Z9WUERfMjOgQ6ze9TcGbF""","""2Sqr0DXoaYABbjBo9HaMkM"""
,
"""5t7BjMUC2HXa5cWDOWmnVg""","""7bXgB6jMjp9ATFy66eO08Z"""
"""74JkTYeuAlUUNuusDyAl3Q""","""7bXgB6jMjp9ATFy66eO08Z"""
,
"""3JSWZWeTHF4HDGt5Eozdy7""","""5pKCCKE2ajJHZ9KAiaK11H"""
"""1CEODgTmTwLyabvwd7HBty""","""4gzpq5DPGxSnKTe4SA8HAU"""
"""0r2BUyPTmpbfuz4rR39mLl""","""6jJ0s89eD6GaHleKKya26X"""
"""5PfepkNWgRR2DI02Y8AawC""","""4OBJLual30L7gRl5UkeRcT"""
"""3JSWZWeTHF4HDGt5Eozdy7""","""5pKCCKE2ajJHZ9KAiaK11H"""
"""3JSWZWeTHF4HDGt5Eozdy7""","""5pKCCKE2ajJHZ9KAiaK11H"""
"""6D1YpObdaha620Tm54WbIw""","""7o95ZoZt5ZYn31e9z1Hc0a"""
,
"""6dTn9vJSxVTIGm4Cu5dH4x""","""21E3waRsmPlU7jZsS13rcj"""
"""0gX4aTUhxNbdFTJBXX7OrH""","""6aZyMrc4doVtZyKNilOmwu"""
"""7JXUd8N7OXYQz981E5Jaq2""","""4iHNK0tOyZPYnBU7nGAgpQ"""
,
"""0wcuOAo2w5jxwp7N57QKNN""","""1KCSPY1glIKqW2TotWuXOR"""
"""2pCfqddO9tLKRz3wzSNGsZ""","""0niJkG4tKkne3zwr7I8n9n"""
"""3t8HFQNlwLBW7htwLvFfzA""","""3r17AfJCCUqC9Lf0OAc73G"""
"""04G0YylSjvDQZrjOfE5jA5""","""4phGZZrJZRo4ElhRtViYdl"""
"""2tDCfKFy2YW9N0IwNSRdOJ""","""2Hjj68yyUPiC0HKEOigcEp"""
,
"""6JCNOvp9UeMrFuXwNW0JW6""","""2AQjGvtT0pFYfxR3neFcvz"""
"""3BdqKi8c48NUvZ7ppk3wHV""","""7nU4hB040gTmHm45YYMvqc"""
"""2tZnyjZ6Orm55gE8bqJ3UG""","""7vXwfZyDp3spzIVNXDaTPN"""
"""2KSpGeDoNjqCKg6HL8LAyI""","""5Pwc4xIPtQLFEnJriah9YJ"""
"""1y6Vw5HI0HmLOY2EtzLiPh""","""6S0dmVVn4udvppDhZIWxCr"""
"""1Lymt1abGCr3J06bbnmWca""","""0QJIPDAEDILuo8AIq3pMuU"""
"""0r2BUyPTmpbfuz4rR39mLl""","""6jJ0s89eD6GaHleKKya26X"""
,
,
,
,
"""7mzrIsaAjnXihW3InKjlC3""","""06HL4z0CvFAxyc27GXpf02"""
"""3NSb7dq7re8pssO2ukY1ta""","""3FD9VAd0ppjmKbfxF4LzUh"""
"""5BGzOpea6At0Nd7tYtYZOP""","""55Aa2cqylxrFIXC767Z865"""
"""0SRejXsSSDcB0QCSq76IZC""","""0yN7xI1blow9nYIK0R8nM7"""
,
,
"""0neqylYFL6s6Ikdf3UFmUo""","""3DiDSECUqqY1AuBP8qtaIa"""
"""7mzrIsaAjnXihW3InKjlC3""","""06HL4z0CvFAxyc27GXpf02"""
"""74b3KUT96bmPSN0nlX6YnV""","""6wPhSqRtPu1UhRCDX5yaDJ"""
"""6RU7Qo0oVDHePofiPH9GXZ""","""7hJcb9fa4alzcOq3EaNPoG"""
,
"""0e2vlZj9wAALaxr5Bhxvw8""","""2RTUTCvo6onsAnheUk3aL9"""
"""0VaAFegRAAn4OCg7p4QjN5""","""5lKZWd6HiSCLfnDGrq9RAm"""
"""5wFQi4xOTXILQSKQr0Ft8s""","""6GMYJwaziB4ekv1Y6wCDWS"""
"""2tlTBLz2w52rpGCLBGyGw6""","""6XyY86QOPPrYVGvF9ch6wz"""
,
"""6dTn9vJSxVTIGm4Cu5dH4x""","""21E3waRsmPlU7jZsS13rcj"""
"""2wBnQVDlrzxFSVq0gdi0Th""","""6eouuqqGggqDlYRV63cgPo"""
,
"""1BCSXIQn5NuqM19MjZuOQY""","""0hEurMDQu99nJRq8pTxO14"""
,
,
,
"""2taQZHFnaDwZPfBhLMAG0L""","""7G6hXrjGpi6I7waNl4wxAk"""
,
,
"""0gX4aTUhxNbdFTJBXX7OrH""","""6aZyMrc4doVtZyKNilOmwu"""
,
"""4MJcuG31fFG8rimuSCvJyx""","""4SQxI8xg6LcSWL3KuGVHLa"""
"""0msDLgGPTbHmgPwY4yYRkn""","""26s8LSolLfCIY88ysQbIuT"""
,
,
,
"""3WFTGIO6E3Xh4paEOBY9OU""","""5K4W6rqBFWDnAN6FQUkS6x"""
,
"""4aZ3Mf9Tza576UhJ9kjYd7""","""2C9n4tQgNLhHPhSCmdsQnk"""
"""3NoUdjYUcUuRMpOzyapnYW""","""3jksrX4oBklxR78ft8gv3j"""
"""0jwuTvP3hp2jFY08VLgvnD""","""3r17AfJCCUqC9Lf0OAc73G"""
,
"""2tve5DGwub1TtbX1khPX5j""","""26dSoYclwsYLMAKD3tpOr4"""
"""2dqn5yOQWdyGwOpOIi9O4x""","""06HL4z0CvFAxyc27GXpf02"""
"""5PlA7xVCN59vR0YAnRVisM""","""1XkoF8ryArs86LZvFOkbyr"""
"""1ePkYcH5ZQCb1b4tQeiEDj""","""26dSoYclwsYLMAKD3tpOr4"""
,
"""2xChdOg0PvxzHzE1BooUpI""","""7dOBabd5O4CvKrg4iriHTM"""
"""6vnUL0NxqV1JrBvYW1M2wn""","""2iojnBLj0qIMiKPvVhLnsH"""
"""5FbUXif3rTa8DX7TTwxegZ""","""5DYAABs8rkY9VhwtENoQCz"""
,
"""7mdy09EO4q6F9VWBtXDDjK""","""1vfezMIyCr4XUdYRaKIKi3"""
,
,
"""0Yu3czJNOQ68fZgkvpjuHL""","""5YGY8feqx7naU7z4HrwZM6"""
"""0iUDlT7z0kFqkCiAebkHOs""","""79FMDwzZQxHgSkIYBl3ODU"""
"""318SnTmLD23XDtu5Ms0MgT""","""6lBam1B1t8wpnH7pJHWnj6"""
"""7MEQdKzqoG2QJYcT2XEKsW""","""5P5FTygHyx2G57oszR3Wot"""
"""5hiFAVaQoyXf3mJQ0rnp6N""","""47746c33GMVhRnKjG2Zrsg"""
"""6Nft5QnHcxYvLwAQc3mo8O""","""2AVVj8ezW2mJ0v8u7XydiF"""
,
"""7mdy09EO4q6F9VWBtXDDjK""","""1vfezMIyCr4XUdYRaKIKi3"""
,
"""36fdxiOzdlmsrHgGcfvqUJ""","""1yxSLGMDHlW21z4YXirZDS"""
"""2FBA8NCSuQNi8jaR2Xjbal""","""1HY2Jd0NmPuamShAr6KMms"""
,
"""36fdxiOzdlmsrHgGcfvqUJ""","""1yxSLGMDHlW21z4YXirZDS"""
"""2dqn5yOQWdyGwOpOIi9O4x""","""06HL4z0CvFAxyc27GXpf02"""
"""2vBLKFrI1rZqB7VtGxcsR5""","""0jnsk9HBra6NMjO2oANoPY"""
"""04G0YylSjvDQZrjOfE5jA5""","""4phGZZrJZRo4ElhRtViYdl"""
"""39P7VD7qlg3Z0ltq60eHp7""","""6vWDO969PvNqNYHIOW5v0m"""
"""3WFTGIO6E3Xh4paEOBY9OU""","""5K4W6rqBFWDnAN6FQUkS6x"""
,
"""2dqn5yOQWdyGwOpOIi9O4x""","""06HL4z0CvFAxyc27GXpf02"""
,
"""3ibdlhMmbFPMYoWvwHCzI3""","""0zOcE3mg9nS6l3yxt1Y0bK"""
"""5CZR6ljD0x9fTiS4mh9wMp""","""2qk9voo8llSGYcZ6xrBzKx"""
,
,
"""00zN65JStpVnpJn9ckMsQI""","""0TnOYISbd1XYRBk9myaseg"""
,
,
,
"""1fc8tPf36cZhNYpNFrWh7o""","""0LyfQWJT6nXafLPZqxe9Of"""
"""61NNWRxokNUQx0aYysBL76""","""3TVXtAsR1Inumwj472S9r4"""
"""4h8seeFAi6iYhslcWIxTSG""","""3BmGtnKgCSGYIUhmivXKWX"""
"""39P7VD7qlg3Z0ltq60eHp7""","""6vWDO969PvNqNYHIOW5v0m"""
"""0r2BUyPTmpbfuz4rR39mLl""","""6jJ0s89eD6GaHleKKya26X"""
"""4PeRcYNYVB1mD4wemj5zld""","""70BYFdaZbEKbeauJ670ysI"""
"""2tve5DGwub1TtbX1khPX5j""","""26dSoYclwsYLMAKD3tpOr4"""
"""47y3PbX8oIDCkYAFylCJz0""","""0fA0VVWsXO9YnASrzqfmYu"""
"""64aKkqxc3Ur2LYIKeS5osS""","""5YGY8feqx7naU7z4HrwZM6"""
,
,
,
"""33YSJfsBkjN3yqcq18bdRi""","""6S0dmVVn4udvppDhZIWxCr"""
"""773TVtjVxXvD6DFHsWFJGN""","""07YZf4WDAMNwqr4jfgOZ8y"""
"""2FBA8NCSuQNi8jaR2Xjbal""","""1HY2Jd0NmPuamShAr6KMms"""
"""0r2BUyPTmpbfuz4rR39mLl""","""6jJ0s89eD6GaHleKKya26X"""
"""5CKAAsmFCdmKq4fTtNdmHc""","""3KV3p5EY4AvKxOlhGHORLg"""
"""0wcuOAo2w5jxwp7N57QKNN""","""1KCSPY1glIKqW2TotWuXOR"""
"""2tve5DGwub1TtbX1khPX5j""","""26dSoYclwsYLMAKD3tpOr4"""
"""5PfepkNWgRR2DI02Y8AawC""","""4OBJLual30L7gRl5UkeRcT"""
"""3RPImDZ7Ihh5YR5iJh1gH1""","""4iHNK0tOyZPYnBU7nGAgpQ"""
"""6dTn9vJSxVTIGm4Cu5dH4x""","""21E3waRsmPlU7jZsS13rcj"""
,
"""3WFTGIO6E3Xh4paEOBY9OU""","""5K4W6rqBFWDnAN6FQUkS6x"""
"""0wcuOAo2w5jxwp7N57QKNN""","""1KCSPY1glIKqW2TotWuXOR"""
"""00zN65JStpVnpJn9ckMsQI""","""0TnOYISbd1XYRBk9myaseg"""
,
"""23Y5wdyP5byMFktZf8AcWU""","""6vWDO969PvNqNYHIOW5v0m"""
,
"""74b3KUT96bmPSN0nlX6YnV""","""6wPhSqRtPu1UhRCDX5yaDJ"""
"""0GQ9AZBJSj109gmSdSrviC""","""6deZN1bslXzeGvOLaLMOIF"""
"""0wcuOAo2w5jxwp7N57QKNN""","""1KCSPY1glIKqW2TotWuXOR"""
"""2FBA8NCSuQNi8jaR2Xjbal""","""1HY2Jd0NmPuamShAr6KMms"""
,
"""1CEODgTmTwLyabvwd7HBty""","""4gzpq5DPGxSnKTe4SA8HAU"""
"""7EZP6OSbWvMZTrEmlBt1HX""","""0z4gvV4rjIZ9wHck67ucSV"""
"""1ji0b2gTyx4VYtkrbc3XJt""","""2AQjGvtT0pFYfxR3neFcvz"""
,
"""6dTn9vJSxVTIGm4Cu5dH4x""","""21E3waRsmPlU7jZsS13rcj"""
"""3vf65wfk1EEjVhy6BjENsS""","""07QEuhtrNmmZ0zEcqE9SF6"""
"""1fqibtpI0bwD73uQGeEnhn""","""0LyfQWJT6nXafLPZqxe9Of"""
,
"""6hn4a3mFIw3FTUIVQWGSEE""","""5P5FTygHyx2G57oszR3Wot"""
"""5u0OuxRnf3FzvZR07xAxL2""","""0EmeFodog0BfCgMzAIvKQp"""
,
"""23Y5wdyP5byMFktZf8AcWU""","""6vWDO969PvNqNYHIOW5v0m"""
,
"""3spYzDjQBTJuBM6VhoFah8""","""6aZyMrc4doVtZyKNilOmwu"""
"""6aL2SwYj5kSEvIcYORHP37""","""1dIdBZaaHRW2bDTkHNfWln"""
"""0GQ9AZBJSj109gmSdSrviC""","""6deZN1bslXzeGvOLaLMOIF"""
,
"""7DphDayDRJ1NtRmveflFWD""","""0vWCyXMrrvMlCcepuOJaGI"""
"""6QCSrh0eusuJrRpYjnmtTN""","""1wgY8huggK60P5nvYrwcYT"""
"""2tve5DGwub1TtbX1khPX5j""","""26dSoYclwsYLMAKD3tpOr4"""
"""7k9oif0MqtQ79j8swtZRMS""","""3FfvYsEGaIb52QPXhg4DcH"""
"""2dqn5yOQWdyGwOpOIi9O4x""","""06HL4z0CvFAxyc27GXpf02"""
"""3JSWZWeTHF4HDGt5Eozdy7""","""5pKCCKE2ajJHZ9KAiaK11H"""
"""1AHZd3C3S8m8fFrhFxyk79""","""7oPftvlwr6VrsViSDV7fJY"""
"""2zwyBK8ea29FqWuY8IiRJu""","""6GMYJwaziB4ekv1Y6wCDWS"""
,
"""0Im5nUhAuNDSYVjfPh7RyS""","""6yJCxee7QumYr820xdIsjo"""
"""23Y5wdyP5byMFktZf8AcWU""","""6vWDO969PvNqNYHIOW5v0m"""
"""698AdfGuOthKXXvvHla9bf""","""5tKXB9uuebKE34yowVaU3C"""
"""0GCQzPEkcFv8bR90sJf41x""","""13YmWQJFwgZrd4bf5IjMY4"""
"""72aNaOna8AV0GZADXRbFlX""","""3aBkeBhwadnWMWoVJ2CxJC"""
"""2tDCfKFy2YW9N0IwNSRdOJ""","""2Hjj68yyUPiC0HKEOigcEp"""
"""2ti2e8J05nwg9ikcMjW8aS""","""26dSoYclwsYLMAKD3tpOr4"""
,
"""1rG5TDs3jYh6OU753I54CI""","""1uNFoZAHBGtllmzznpCI3s"""
"""3MHTGwjWJhfcc3yBnvo6yh""","""32WkQRZEVKSzVAAYqukAEA"""
"""4h8seeFAi6iYhslcWIxTSG""","""3BmGtnKgCSGYIUhmivXKWX"""
,
,
"""0Im5nUhAuNDSYVjfPh7RyS""","""6yJCxee7QumYr820xdIsjo"""
"""7KQy2pkGubHDzaTnPmX1oo""","""3BmGtnKgCSGYIUhmivXKWX"""
"""7f45cxgKjDpNLsvscwYvjS""","""5Z22vlK4DCgDrQgBEqfc8w"""
,
,
"""1cXFSOdjxmS13cOTtnNQAo""","""2AOt5htsbtyaHd5Eq3kl3j"""
"""3ibdlhMmbFPMYoWvwHCzI3""","""0zOcE3mg9nS6l3yxt1Y0bK"""
,
"""3hnGcNi8oqGdwTm3CeniFA""","""32WkQRZEVKSzVAAYqukAEA"""
"""5lTCUyQrKcSmcw5ULkt75O""","""3FUY2gzHeIiaesXtOAdB7A"""
,
"""62VpctxkFGvJTPHWuRzdde""","""23zg3TcAtWQy7J6upgbUnj"""
,
,
"""034EE1ofh9OM6wJBqd2xYo""","""1HY2Jd0NmPuamShAr6KMms"""
"""159jpldDCgsgH6KGgjy63c""","""6MF9fzBmfXghAz953czmBC"""
,
,
,
,
,
"""7uGmyYwDFJbSc1xs4hkEs2""","""5pKCCKE2ajJHZ9KAiaK11H"""
,
"""5BvgP623rtvlc0HDcpzquz""","""6jJ0s89eD6GaHleKKya26X"""
"""1uyf3l2d4XYwiEqAb7t7fX""","""0du5cEVh5yTK9QJze8zA0C"""
"""2nnIlWcriIqcJtjduWcTRl""","""2KsP6tYLJlTBvSUxnwlVWa"""
"""36fdxiOzdlmsrHgGcfvqUJ""","""1yxSLGMDHlW21z4YXirZDS"""
,
"""0QhwxYDUougJiVDtyN4Lhm""","""0LyfQWJT6nXafLPZqxe9Of"""
,
"""47BiFcV59TQi2s9SkBo2pb""","""7dGJo4pcD2V6oG8kP0tJRR"""
"""698AdfGuOthKXXvvHla9bf""","""5tKXB9uuebKE34yowVaU3C"""
,
"""51Hn2Wiq1jmUfI0BLaUhuF""","""3AQRLZ9PuTAozP28Skbq8V"""
,
"""36fdxiOzdlmsrHgGcfvqUJ""","""1yxSLGMDHlW21z4YXirZDS"""
"""3vf65wfk1EEjVhy6BjENsS""","""07QEuhtrNmmZ0zEcqE9SF6"""
,
"""6jlrjFR9mJV3jd1IPSplXU""","""3TVXtAsR1Inumwj472S9r4"""
"""4yHr095BMG5I3IRH4ToE5l""","""1HY2Jd0NmPuamShAr6KMms"""
,
"""3mz9p3cA0Cl5oDUlpTxB0c""","""2gBjLmx6zQnFGQJCAQpRgw"""
"""00kSgH9g6nYBQhjnRQFBew""","""3ipn9JLAPI5GUEo4y4jcoi"""
,
"""5FK6borHO8QcztXhXCPn5H""","""5Y5TRrQiqgUO4S36tzjIRZ"""
"""3MXDonOIzrIrCh0HvlACyj""","""1GxkXlMwML1oSg5eLPiAz3"""
,
,
"""3elHo10HDaxn13uuVhiTWH""","""3K2zB87GZv1krx031en5VA"""
,
,
"""0cUNjl7p6LYZJkKXJWzqP0""","""6prmLEyn4LfHlD9NnXWlf7"""
"""5MfAxS5zz8MlfROjGQVXhy""","""06HL4z0CvFAxyc27GXpf02"""
"""35dJsQDEr549O5DTFUy3uM""","""5pKCCKE2ajJHZ9KAiaK11H"""
,
,
,
,
,
,
"""2pLAOZiilrhOrTQNqrF8qr""","""5Pwc4xIPtQLFEnJriah9YJ"""
"""4HfhG6sstzUYDro0HO8gX1""","""0yNy8fi1yBBq526E6mx4Zs"""
,
"""2dqn5yOQWdyGwOpOIi9O4x""","""06HL4z0CvFAxyc27GXpf02"""
"""36fdxiOzdlmsrHgGcfvqUJ""","""1yxSLGMDHlW21z4YXirZDS"""
,
"""6jlrjFR9mJV3jd1IPSplXU""","""3TVXtAsR1Inumwj472S9r4"""
"""7xpjpdislqMXOCw5xsDt4g""","""0RpddSzUHfncUWNJXKOsjy"""
"""2H4DCvJiZknLngsD2Yqf6k""","""04gDigrS5kc9YWfZHwBETP"""
,
"""2FBA8NCSuQNi8jaR2Xjbal""","""1HY2Jd0NmPuamShAr6KMms"""
,
"""51HDsvvActcDmYy7NQl6oL""","""0hCNtLu0JehylgoiP8L4Gh"""
"""64aKkqxc3Ur2LYIKeS5osS""","""5YGY8feqx7naU7z4HrwZM6"""
"""3pORIbXJiTlG5QbktnpOiy""","""7bXgB6jMjp9ATFy66eO08Z"""
"""2ti2e8J05nwg9ikcMjW8aS""","""26dSoYclwsYLMAKD3tpOr4"""
"""00hVMpFWegdBKaNDAP55Bd""","""4M6Z1wubeKtwPqbjJygTOc"""
,
,
,
"""7KQy2pkGubHDzaTnPmX1oo""","""3BmGtnKgCSGYIUhmivXKWX"""
"""36fdxiOzdlmsrHgGcfvqUJ""","""1yxSLGMDHlW21z4YXirZDS"""
"""2pLAOZiilrhOrTQNqrF8qr""","""5Pwc4xIPtQLFEnJriah9YJ"""
"""5lm8loAsSpprr19lwSY16V""","""6dJeKm76NjfXBNTpHmOhfO"""
,
,
,
"""6tRJWFLsUW4HuiXHlOSnwf""","""0hYxQe3AK5jBPCr5MumLHD"""
,
"""6A1F3Fkq5dYeYYNkXflcTX""","""23zg3TcAtWQy7J6upgbUnj"""
,
"""5FK6borHO8QcztXhXCPn5H""","""5Y5TRrQiqgUO4S36tzjIRZ"""
"""23Y5wdyP5byMFktZf8AcWU""","""6vWDO969PvNqNYHIOW5v0m"""
"""5CZR6ljD0x9fTiS4mh9wMp""","""2qk9voo8llSGYcZ6xrBzKx"""
"""3TqvvuCMcTpSjFvAToQT8A""","""4xFUf1FHVy696Q1JQZMTRj"""
,
,
"""3uczBfJFFSNjSiF8ScC1pA""","""66lH4jAE7pqPlOlzUKbwA0"""
"""3dASAcs9QOsmoSLhHjEhCu""","""75FnCoo4FBxH5K1Rrx0k5A"""
"""27UqZoE1kV6sIV6uQcI28A""","""74XFHRwlV6OrjEM0A2NCMF"""
"""3hnGcNi8oqGdwTm3CeniFA""","""32WkQRZEVKSzVAAYqukAEA"""
"""627ukPRwYxyBREHxBq0vGJ""","""2Sqr0DXoaYABbjBo9HaMkM"""
"""4a3wP4t2IswXR40aXQcYrM""","""5P5FTygHyx2G57oszR3Wot"""
"""2MyLXLijtCj7VKGzBM7dyW""","""2DnqqkzzDKm3vAoyHtn8So"""
"""7jEhJ72S8vHQOmQTgIATww""","""1EeArivTpzLNCqubV95255"""
"""0Rxab8t0y7GlaTJTHX2wEN""","""3DiDSECUqqY1AuBP8qtaIa"""
"""3VzLXlCQo9voFegEhlJPd9""","""0RKP52f5PNDCRZ9Luq2Sr7"""
"""1azUkThwd2HfUDdeNeT147""","""4dpARuHxo51G3z768sgnrY"""
,
"""5BvgP623rtvlc0HDcpzquz""","""6jJ0s89eD6GaHleKKya26X"""
,
"""0QhwxYDUougJiVDtyN4Lhm""","""0LyfQWJT6nXafLPZqxe9Of"""
"""1uyf3l2d4XYwiEqAb7t7fX""","""0du5cEVh5yTK9QJze8zA0C"""
"""3MXU6UoWrf4w4bOvjZTlvY""","""5nLYd9ST4Cnwy6NHaCxbj8"""
"""51HDsvvActcDmYy7NQl6oL""","""0hCNtLu0JehylgoiP8L4Gh"""
,
"""2o5NrRycDE5Cn0uHiHsIeJ""","""2sRLpduglJUzDQNnrsJudx"""
,
,
"""7Kmmw7Z5D2UD5MVwdm10sT""","""7gP3bB2nilZXLfPHJhMdvc"""
"""5BvgP623rtvlc0HDcpzquz""","""6jJ0s89eD6GaHleKKya26X"""
"""1uyf3l2d4XYwiEqAb7t7fX""","""0du5cEVh5yTK9QJze8zA0C"""
,
"""6Ozsat2gzIj9uXd6JMwYXz""","""1KCSPY1glIKqW2TotWuXOR"""
"""5maeycU97NHBgwRr2h2A4O""","""1HY2Jd0NmPuamShAr6KMms"""
"""5zZDIjS7BPJnf8Tfv3PjLC""","""4dNwCdF9COKrMScymnW2xn"""
,
,
,
"""1uuSC0RCJB3dSp8Mb6GflZ""","""55Aa2cqylxrFIXC767Z865"""
"""1azUkThwd2HfUDdeNeT147""","""4dpARuHxo51G3z768sgnrY"""
"""2pLAOZiilrhOrTQNqrF8qr""","""5Pwc4xIPtQLFEnJriah9YJ"""
"""1uyf3l2d4XYwiEqAb7t7fX""","""0du5cEVh5yTK9QJze8zA0C"""
"""0oFBaXLFsUVa2gEmJf4FcJ""","""26dSoYclwsYLMAKD3tpOr4"""
"""1j0apvEvaWbTmlZpKsfr2D""","""01QTIT5P1pFP3QnnFSdsJf"""
"""2KkMVsxymoNR7hRmBcMttd""","""1HY2Jd0NmPuamShAr6KMms"""
,
"""6ZOXiVL8rmk2ATHJiFJhiD""","""137W8MRPWKqSmrBGDBFSop"""
"""0UkgnXc0w7qiRE2X086BdN""","""6jTnHxhb6cDCaCu4rdvsQ0"""
,
,
"""3dASAcs9QOsmoSLhHjEhCu""","""75FnCoo4FBxH5K1Rrx0k5A"""
,
"""0BkpKcHw606at6Y2cp8kdE""","""1yxSLGMDHlW21z4YXirZDS"""
,
,
"""35dJsQDEr549O5DTFUy3uM""","""5pKCCKE2ajJHZ9KAiaK11H"""
,
"""77qMEqlvpP3A9birVl9bjn""","""32WkQRZEVKSzVAAYqukAEA"""
"""6gYk1JlSSmlUZGs1Lef1BI""","""3FfvYsEGaIb52QPXhg4DcH"""
"""159jpldDCgsgH6KGgjy63c""","""6MF9fzBmfXghAz953czmBC"""
,
"""0oFBaXLFsUVa2gEmJf4FcJ""","""26dSoYclwsYLMAKD3tpOr4"""
,
,
"""4bnq4LgObdAxU8mR9wvoi7""","""7bXgB6jMjp9ATFy66eO08Z"""
,
,
"""3mz9p3cA0Cl5oDUlpTxB0c""","""2gBjLmx6zQnFGQJCAQpRgw"""
,
,
"""3XNK8vPk3O1rjhDZyOMJ6n""","""7H55rcKCfwqkyDFH9wpKM6"""
"""6ZOXiVL8rmk2ATHJiFJhiD""","""137W8MRPWKqSmrBGDBFSop"""
"""5EuNq3rYUESwy6Vcsz2PZe""","""3sgFRtyBnxXD5ESfmbK4dl"""
,
,
"""0oFBaXLFsUVa2gEmJf4FcJ""","""26dSoYclwsYLMAKD3tpOr4"""
"""5GNPZT1Bxq0EP7PQDQmK3U""","""23zg3TcAtWQy7J6upgbUnj"""
"""3SUtKkjatUCubbgOC8OP4o""","""0p4nmQO2msCgU4IF37Wi3j"""
,
,
"""0QhwxYDUougJiVDtyN4Lhm""","""0LyfQWJT6nXafLPZqxe9Of"""
"""2oc73A20I1FTQiWGCkLeVP""","""3AQRLZ9PuTAozP28Skbq8V"""
"""1WXCjIDp84rJN6Sa1Um9kJ""","""1UTPBmNbXNTittyMJrNkvw"""
,
,
"""7lRRlf0zRaSki9s3YVRHcZ""","""63wjoROpeh5f11Qm93UiJ1"""
,
,
,
"""5MfAxS5zz8MlfROjGQVXhy""","""06HL4z0CvFAxyc27GXpf02"""
"""5BvgP623rtvlc0HDcpzquz""","""6jJ0s89eD6GaHleKKya26X"""
"""7DYy5TiODoqnZbZ2o6KcmV""","""6eKWqnckwdIlSnjaYgIyxv"""
"""6UHhmTLl9T1scRYLmpHcDX""","""5pKCCKE2ajJHZ9KAiaK11H"""
"""49yHvRh1cOfLcEKukEP7Ox""","""6dJeKm76NjfXBNTpHmOhfO"""
"""4GeJssW5iLOSLOIXhLfOUJ""","""1n2pb9Tsfe4SwAjmUac6YT"""
,
"""4ybWq0AegFFAvHULAe7q0K""","""0BvkDsjIUla7X0k6CSWh1I"""
,
"""7dlFcF17qY2IGoaAsdwRnt""","""7Ip2u3e5Nv6fFb5xyIHxEE"""
,
"""63WdJvk8G9hxJn8u5rswNh""","""3TVXtAsR1Inumwj472S9r4"""
"""1gIC63gC3B7o7FfpPACZQJ""","""6vWDO969PvNqNYHIOW5v0m"""
"""31tCg5RXhY5jpagfCPcQa2""","""07YZf4WDAMNwqr4jfgOZ8y"""
,
"""6i3z8Mi2dAmXDtg4RrgBnl""","""7bXgB6jMjp9ATFy66eO08Z"""
"""2qLz69eIC6A7GggjGvxEMp""","""2qgvmDsc4jrqbAbjq1HGM2"""
"""2nnIlWcriIqcJtjduWcTRl""","""2KsP6tYLJlTBvSUxnwlVWa"""
"""493HYe7N5pleudEZRyhE7R""","""360IAlyVv4PCEVjgyMZrxK"""
,
"""1WXCjIDp84rJN6Sa1Um9kJ""","""1UTPBmNbXNTittyMJrNkvw"""
,
"""0kXrl96iUzWkRvxnfrC2YF""","""0Bvs8yPjrQSbmVIRqSg1Sp"""
"""7xpjpdislqMXOCw5xsDt4g""","""0RpddSzUHfncUWNJXKOsjy"""
,
"""0AXoQGOZDaYSaOo0qCTiCr""","""6yJCxee7QumYr820xdIsjo"""
,
,
"""29blfJv8AddJrjuG3DpE13""","""6sFIWsNpZYqfjUpaCgueju"""
,
,
"""4oVG376KpWeBaxrKqRxVri""","""0X2BH1fck6amBIoJhDVmmJ"""
"""0NN3zv0dQ73NkBd8tM7wFj""","""2NhdGz9EDv2FeUw6udu2g1"""
"""1MNvMtEmMMdBXZBDcFNcWj""","""3BmGtnKgCSGYIUhmivXKWX"""
,
"""6fABwONLawdFjkDpLx41j8""","""0hCNtLu0JehylgoiP8L4Gh"""
"""53DrBEDi1AvhWOtCdljUiu""","""4AK6F7OLvEQ5QYCBNiQWHq"""
,
"""1azUkThwd2HfUDdeNeT147""","""4dpARuHxo51G3z768sgnrY"""
"""5EuNq3rYUESwy6Vcsz2PZe""","""3sgFRtyBnxXD5ESfmbK4dl"""
"""7iycyHwOW2plljYIK6I1Zo""","""5nCi3BB41mBaMH9gfr6Su0"""
"""5BvgP623rtvlc0HDcpzquz""","""6jJ0s89eD6GaHleKKya26X"""
"""7eLwoxxWs6lfkVYJGkGNbk""","""0jnsk9HBra6NMjO2oANoPY"""
"""355RqMyXhDoOD0l4qMUxeT""","""0jnsk9HBra6NMjO2oANoPY"""
"""2pjfMmH52fryXVQuWTWOgP""","""04gDigrS5kc9YWfZHwBETP"""
"""5zseibu9WEsPaZmkJUMkz1""","""3FUY2gzHeIiaesXtOAdB7A"""
,
"""2g1EakEaW7fPTZC6vBmBCn""","""5pKCCKE2ajJHZ9KAiaK11H"""
"""7hPNlDBLv1EW8GakiIzFnn""","""0RpddSzUHfncUWNJXKOsjy"""
,
,
"""3WeU5jvi9QBSbwV0hYG66P""","""4phGZZrJZRo4ElhRtViYdl"""
"""73pAZrAw8W3Ey9hBJYOVLt""","""0du5cEVh5yTK9QJze8zA0C"""
,
"""6eknhm96vRigjwfcl49xKb""","""1uNFoZAHBGtllmzznpCI3s"""
,
"""074KCx8WkMnCKCpfaRiRlt""","""5Tf4EH8tDvznnjULcFxkIl"""
"""5BvgP623rtvlc0HDcpzquz""","""6jJ0s89eD6GaHleKKya26X"""
,
"""1EoDsNmgTLtmwe1BDAVxV5""","""06HL4z0CvFAxyc27GXpf02"""
,
,
,
"""2rBb9rAEuMC8VH9uk7js3e""","""1KCSPY1glIKqW2TotWuXOR"""
,
"""1ypH0eU9RcE6wngSGSqmeY""","""6S2OmqARrzebs0tKUEyXyp"""
,
"""5BvgP623rtvlc0HDcpzquz""","""6jJ0s89eD6GaHleKKya26X"""
"""7w19PFbxAjwZ7UVNp9z0uT""","""7CajNmpbOovFoOoasH2HaY"""
"""1azUkThwd2HfUDdeNeT147""","""4dpARuHxo51G3z768sgnrY"""
"""4YPSP5Mi5C0vdbgLTaYucB""","""23zg3TcAtWQy7J6upgbUnj"""
"""3KHamR7LZmFT0xqPA1Hyob""","""5LHRHt1k9lMyONurDHEdrp"""
"""3ga4adzUpLaS2LDcoqfs2r""","""2gsggkzM5R49q6jpPvazou"""
"""0ZjxizLeMyFEjR27JIvD99""","""2dd5mrQZvg6SmahdgVKDzh"""
,
"""3ZZ8jN93SBl4v8lF79eVzS""","""6p5JxpTc7USNnBnLzctyd4"""
,
,
"""5hVo5O3pGkc1VibXveW8gx""","""7H6dkUChT5EoOQtUVMg4cN"""
"""4ybWq0AegFFAvHULAe7q0K""","""0BvkDsjIUla7X0k6CSWh1I"""
,
"""16liSbjaxbH0oamsQlqJ4Z""","""4m4SfDVbF5wxrwEjDKgi4k"""
"""6sAeDMYVsr4YUFA8aWk4yj""","""7bXgB6jMjp9ATFy66eO08Z"""
,
"""5dtw6CoMhbrSj01YUvdQOF""","""2IvkS5MXK0vPGnwyJsrEyV"""
"""7FbPwQGriWa8IT4u6RxjWK""","""4M0DLz8te9Q1lNIXBBwvfG"""
"""2zVRgW8bXd7ukXRZSWw81j""","""5DYAABs8rkY9VhwtENoQCz"""
,
"""79sREUp5MwQ8dwCaus3joa""","""0TnOYISbd1XYRBk9myaseg"""
"""4skqOUXyBUnzxVPNPxrGWV""","""6l3HvQ5sa6mXTsMTB19rO5"""
"""1azUkThwd2HfUDdeNeT147""","""4dpARuHxo51G3z768sgnrY"""
,
"""7atJn49QvtOLiFxhQd2hp9""","""4xFUf1FHVy696Q1JQZMTRj"""
"""5IIYlM5tjDtW3fIgOIA5TB""","""3CygdxquGHurS7f9LjNLkv"""
"""6NWYmlHxAME5KXtxrTlUxW""","""16oZKvXb6WkQlVAjwo2Wbg"""
"""2R7iJz5uaHjLEVnMkloO18""","""4gzpq5DPGxSnKTe4SA8HAU"""
"""7atJn49QvtOLiFxhQd2hp9""","""4xFUf1FHVy696Q1JQZMTRj"""
"""1azUkThwd2HfUDdeNeT147""","""4dpARuHxo51G3z768sgnrY"""
"""4YPSP5Mi5C0vdbgLTaYucB""","""23zg3TcAtWQy7J6upgbUnj"""
"""5S4SuPHbaozi5PDedAONTG""","""137W8MRPWKqSmrBGDBFSop"""
"""1e5Uy0zFKpSCtuak8LQb8p""","""21E3waRsmPlU7jZsS13rcj"""
"""6fABwONLawdFjkDpLx41j8""","""0hCNtLu0JehylgoiP8L4Gh"""
"""4u1IZuRRLb6tkP14kvAkGw""","""3grHWM9bx2E9vwJCdlRv9O"""
"""14VAQvWRRUJdw4G0kARLzJ""","""2iojnBLj0qIMiKPvVhLnsH"""
"""7tivRA9WDD0rWVazWm2pFS""","""2r8r62VGJKGi463aH1HJUZ"""
,
"""7qqCw47pAWFzhwTpVRd0zE""","""5ndkK3dpZLKtBklKjxNQwT"""
"""5zseibu9WEsPaZmkJUMkz1""","""3FUY2gzHeIiaesXtOAdB7A"""
"""6fDc100UHbUvS6IuxBrKRn""","""2bA6fzP0lMAQ4kz6CF61w8"""
"""49yHvRh1cOfLcEKukEP7Ox""","""6dJeKm76NjfXBNTpHmOhfO"""
"""6sAeDMYVsr4YUFA8aWk4yj""","""7bXgB6jMjp9ATFy66eO08Z"""
,
,
"""15yvc643iYfQtb6zh9NEJo""","""7H55rcKCfwqkyDFH9wpKM6"""
"""2uXHwdc2aTcUP2EhXKhPRu""","""3FfvYsEGaIb52QPXhg4DcH"""
"""1Kw1bVd07oRqcjrcjQKC8T""","""5pKCCKE2ajJHZ9KAiaK11H"""
,
"""6htgf3qv7vGcsdxLCDxKp8""","""53XhwfbYqKCa1cC15pYq2q"""
,
"""4ybWq0AegFFAvHULAe7q0K""","""0BvkDsjIUla7X0k6CSWh1I"""
"""4eddbruVtOqw8khwxSH6H2""","""5pKCCKE2ajJHZ9KAiaK11H"""
"""0RnVSSUbSBEjk5MlQZhYYP""","""5Zq7R5qmi58ByYyBQTlNuk"""
"""191BU6Uvnf7oNTjO4n36Yu""","""2hJPr4lk7Q8SSvCVBl9fWM"""
"""21XMv0TCsnhWPt7MNVvkzD""","""360IAlyVv4PCEVjgyMZrxK"""
"""6gYk1JlSSmlUZGs1Lef1BI""","""3FfvYsEGaIb52QPXhg4DcH"""
"""7DYy5TiODoqnZbZ2o6KcmV""","""6eKWqnckwdIlSnjaYgIyxv"""
"""4XHIjbhjRmqWlosjj5rqSI""","""6XyY86QOPPrYVGvF9ch6wz"""
,
,
"""6htgf3qv7vGcsdxLCDxKp8""","""53XhwfbYqKCa1cC15pYq2q"""
"""5H0yFEG5FT0tccZRSdNvVU""","""25fqWEebq6PoiGQIHIrdtv"""
,
"""41br7lBSZOr9RjJAjk0om6""","""31TPClRtHm23RisEBtV3X7"""
,
"""58ufpQsJ1DS5kq4hhzQDiI""","""0du5cEVh5yTK9QJze8zA0C"""
,
"""5MQBzs5YlZlE28mD9yUItn""","""6jJ0s89eD6GaHleKKya26X"""
"""58ufpQsJ1DS5kq4hhzQDiI""","""0du5cEVh5yTK9QJze8zA0C"""
"""6NWYmlHxAME5KXtxrTlUxW""","""16oZKvXb6WkQlVAjwo2Wbg"""
,
,
"""0rmhjUgoVa17LZuS8xWQ3v""","""163tK9Wjr9P9DmM0AVK7lm"""
"""1EoDsNmgTLtmwe1BDAVxV5""","""06HL4z0CvFAxyc27GXpf02"""
"""3RDqXDc1bAETps54MSSOW0""","""5YGY8feqx7naU7z4HrwZM6"""
"""3RDqXDc1bAETps54MSSOW0""","""5YGY8feqx7naU7z4HrwZM6"""
"""1s9tU91VJt4sU5owi29GD3""","""1vCWHaC5f2uS3yhpwWbIA6"""
,
,
,
,
,
"""6dMfMvS3hyk3ZCl4yljEDD""","""4njdEjTnLfcGImKZu1iSrz"""
,
"""4eddbruVtOqw8khwxSH6H2""","""5pKCCKE2ajJHZ9KAiaK11H"""
,
"""3WrufJir7I61NkvkDwxero""","""4gwpcMTbLWtBUlOijbVpuu"""
"""58ufpQsJ1DS5kq4hhzQDiI""","""0du5cEVh5yTK9QJze8zA0C"""
,
"""2gXTTQ713nCELgPOS0qWyt""","""3TVXtAsR1Inumwj472S9r4"""
"""3cGKAHAUhAaTTezK4GbBhQ""","""0C8ZW7ezQVs4URX5aX7Kqx"""
,
"""7i1Ej2Ix9aIiLKqhNwAB2l""","""04gDigrS5kc9YWfZHwBETP"""
,
"""705K6lFN9wm3bifelyuQS4""","""1HY2Jd0NmPuamShAr6KMms"""
"""2pjfMmH52fryXVQuWTWOgP""","""04gDigrS5kc9YWfZHwBETP"""
,
"""0EVJX4RlYKuApsAN5CaDa3""","""4UXqAaa6dQYAk18Lv7PEgX"""
,
,
,
,
,
"""3ZZ8jN93SBl4v8lF79eVzS""","""6p5JxpTc7USNnBnLzctyd4"""
"""6htgf3qv7vGcsdxLCDxKp8""","""53XhwfbYqKCa1cC15pYq2q"""
,
"""3zZSz5VOYSu0jE4MkPCOvN""","""3DiDSECUqqY1AuBP8qtaIa"""
"""6Kssm2LosQ0WyLukFZkEG5""","""6S2OmqARrzebs0tKUEyXyp"""
"""7i1Ej2Ix9aIiLKqhNwAB2l""","""04gDigrS5kc9YWfZHwBETP"""
"""7rlmzEQPP4b6T6OhlnTdRn""","""3gd8FJtBJtkRxdfbTu19U2"""
"""0pqKb2y8h2BWS46HMfmEgD""","""1KCSPY1glIKqW2TotWuXOR"""
"""6cowf7fdb5dgKoglTekOK8""","""7FY5V3XMwlNBPitEjXowHQ"""
"""0ZjxizLeMyFEjR27JIvD99""","""2dd5mrQZvg6SmahdgVKDzh"""
,
"""0gT5HL6RnvHBxJ2gY7lidR""","""6LqNN22kT3074XbTVUrhzX"""
"""7iycyHwOW2plljYIK6I1Zo""","""5nCi3BB41mBaMH9gfr6Su0"""
,
,
"""773GsAWk3z8mGgMDeR7n1A""","""6p5JxpTc7USNnBnLzctyd4"""
"""6htgf3qv7vGcsdxLCDxKp8""","""53XhwfbYqKCa1cC15pYq2q"""
"""2bbhW5ifCwOYM8DMkqoYBF""","""5Pwc4xIPtQLFEnJriah9YJ"""
"""7eLwoxxWs6lfkVYJGkGNbk""","""0jnsk9HBra6NMjO2oANoPY"""
"""6uD3oJCWT1gtlSCg5lDiNF""","""4dwdTW1Lfiq0cM8nBAqIIz"""
"""4PeZu0It7qVrTG40t3HM9A""","""07YZf4WDAMNwqr4jfgOZ8y"""
"""6DN7GcZF1HywzrkGN6Eeqk""","""7dGJo4pcD2V6oG8kP0tJRR"""
"""4S08bOIf2PHzp2bmP0mdaV""","""3BmGtnKgCSGYIUhmivXKWX"""
"""5M8gr5RV2eR6UkztC69ogB""","""0BvkDsjIUla7X0k6CSWh1I"""
"""4eddbruVtOqw8khwxSH6H2""","""5pKCCKE2ajJHZ9KAiaK11H"""
"""1KlU96Hw9nlvqpBPlSqcTV""","""06HL4z0CvFAxyc27GXpf02"""
"""2KeeTXnjFm1gzPgAx3vLD5""","""7H6dkUChT5EoOQtUVMg4cN"""
"""77QwsMRvonZJn7adV47V78""","""2lEOFtf3cCyzomQcMHJGfZ"""
"""7p1fX8aUySrBdx4WSYspOu""","""4AK6F7OLvEQ5QYCBNiQWHq"""
"""0W5GGnapMz0VwemQvJDqa7""","""6eUKZXaKkcviH0Ku9w2n3V"""
"""7iycyHwOW2plljYIK6I1Zo""","""5nCi3BB41mBaMH9gfr6Su0"""
,
"""5M8gr5RV2eR6UkztC69ogB""","""0BvkDsjIUla7X0k6CSWh1I"""
"""2XPrwlaAHHXnJzP9tBcIzH""","""2YZyLoL8N0Wb9xBt1NhZWg"""
"""3IOjmgFdLexwx475aETFIr""","""1UTPBmNbXNTittyMJrNkvw"""
,
,
"""1ZhBKlFwsI2ppVo8LivPyG""","""2NdeV5rLm47xAvogXrYhJX"""
"""21XMv0TCsnhWPt7MNVvkzD""","""360IAlyVv4PCEVjgyMZrxK"""
,
"""1e5Uy0zFKpSCtuak8LQb8p""","""21E3waRsmPlU7jZsS13rcj"""
,
"""3bPrapL1DmFkznWnTb7xNz""","""7sfgqEdoeBTjd8lQsPT3Cy"""
"""1Pv6Znx8kGygusP4fqBD7m""","""66lH4jAE7pqPlOlzUKbwA0"""
"""2ZHYOFW5giX6a4n5eqTnUB""","""6x2LnllRG5uGarZMsD4iO8"""
,
"""5hVo5O3pGkc1VibXveW8gx""","""7H6dkUChT5EoOQtUVMg4cN"""
"""254bcFt3AV1O2B121GFD9S""","""32WkQRZEVKSzVAAYqukAEA"""
"""5MH765pytbQasmDxXArTah""","""3b8QkneNDz4JHKKKlLgYZg"""
,
"""7lpbyGc4fHsQkBTsfWVBhp""","""2Sqr0DXoaYABbjBo9HaMkM"""
"""2sRnJq6dfXdqhIflBk0ve1""","""0gadJ2b9A4SKsB1RFkBb66"""
"""4BVzcXLDJ8pRtJttQiU3G6""","""56x8mYvS3cyDGAi8N2FxbB"""
"""1wBFRaacNYmqfkidUZ0NtM""","""17lzZA2AlOHwCwFALHttmp"""
"""4sgYpkIASM1jVlNC8Wp9oF""","""74XFHRwlV6OrjEM0A2NCMF"""
"""5l3zEmMrOhOzG8d8s83GOL""","""0LyfQWJT6nXafLPZqxe9Of"""
,
"""4OTAx9un4e6NfoHuVRiOrC""","""5y2Xq6xcjJb2jVM54GHK3t"""
,
"""2bbhW5ifCwOYM8DMkqoYBF""","""5Pwc4xIPtQLFEnJriah9YJ"""
,
"""2Qm9AzJHWLG9vbJCeXRaAW""","""0DxeaLnv6SyYk2DOqkLO8c"""
"""2Gf7TGoOt6FyRi7p32OzUM""","""6JL8zeS1NmiOftqZTRgdTz"""
,
"""2Jg7JZ0ZXOGje1bkq7CVgK""","""2wY79sveU1sp5g7SokKOiI"""
,
"""64fQ94AVziavTPdnkCS6Nj""","""7EQ0qTo7fWT7DPxmxtSYEc"""
"""2QJmrSgbdM35R67eoGQo4j""","""06HL4z0CvFAxyc27GXpf02"""
"""1uaIXmroQAjO7DB6zZPcpV""","""0awl5piYwO0CDTHEkCjUhn"""
"""4NLAFvg4uiBpFZfEbk70P2""","""3utOtDFsY8PJNu42Uzj8uC"""
,
,
"""0rmhjUgoVa17LZuS8xWQ3v""","""163tK9Wjr9P9DmM0AVK7lm"""
"""2sRnJq6dfXdqhIflBk0ve1""","""0gadJ2b9A4SKsB1RFkBb66"""
"""0rmhjUgoVa17LZuS8xWQ3v""","""163tK9Wjr9P9DmM0AVK7lm"""
"""7lZs5r4oQV2nutddffLrg0""","""0LyfQWJT6nXafLPZqxe9Of"""
"""1s9tU91VJt4sU5owi29GD3""","""1vCWHaC5f2uS3yhpwWbIA6"""
"""6htgf3qv7vGcsdxLCDxKp8""","""53XhwfbYqKCa1cC15pYq2q"""
"""7p1fX8aUySrBdx4WSYspOu""","""4AK6F7OLvEQ5QYCBNiQWHq"""
"""6FdNvoO5sF4EKwCX9je1MH""","""5WUlDfRSoLAfcVSX1WnrxN"""
,
"""3ONhXhn7uDBCAW3Jy6lQFX""","""2gsggkzM5R49q6jpPvazou"""
,
"""2Auw0pTT6EcQdvHNimhLQI""","""04gDigrS5kc9YWfZHwBETP"""
,
"""0V4laGZGshNCpurfIdUhHv""","""0MlOPi3zIDMVrfA9R04Fe3"""
"""47C7w4o1resDhr7jvYEpxE""","""4NHQUGzhtTLFvgF5SZesLK"""
"""48zisMeiXniWLzOQghbPqS""","""7CajNmpbOovFoOoasH2HaY"""
"""5Ws5ktkIUJFpaIImvH3tYU""","""25uiPmTg16RbhZWAqwLBy5"""
,
"""5ooCuPIk58IwSo6DRr1JCu""","""0hCNtLu0JehylgoiP8L4Gh"""
,
,
"""3KVeczHxWg5YFKb0gS62f2""","""0X2BH1fck6amBIoJhDVmmJ"""
,
,
,
,
"""3RDqXDc1bAETps54MSSOW0""","""5YGY8feqx7naU7z4HrwZM6"""
"""32dGD25hfIVdhugEXoVu2s""","""31TPClRtHm23RisEBtV3X7"""
"""5MQBzs5YlZlE28mD9yUItn""","""6jJ0s89eD6GaHleKKya26X"""
"""4sgYpkIASM1jVlNC8Wp9oF""","""74XFHRwlV6OrjEM0A2NCMF"""
"""14JRI2yc9nKosojndoQxTv""","""0id62QV2SZZfvBn9xpmuCl"""
,
"""5IenxFp0vpnXBUxPcwJtbE""","""2l35CQqtYRh3d8ZIiBep4v"""
"""2G4AUqfwxcV1UdQjm2ouYr""","""4gzpq5DPGxSnKTe4SA8HAU"""
"""1xn54DMo2qIqBuMqHtUsFd""","""6eUKZXaKkcviH0Ku9w2n3V"""
"""00no0cywmc15sIIoys7kM9""","""2iojnBLj0qIMiKPvVhLnsH"""
"""0FFIMhRN5g91A0AN9HPiwt""","""34Y0ldeyUv7jBvukWOGASO"""
,
"""1xn54DMo2qIqBuMqHtUsFd""","""6eUKZXaKkcviH0Ku9w2n3V"""
"""6htgf3qv7vGcsdxLCDxKp8""","""53XhwfbYqKCa1cC15pYq2q"""
,
"""1oHY6eQmEG8skElDvFgKz2""","""1PbBg2aYjWLKRk84zJK15x"""
"""1s9tU91VJt4sU5owi29GD3""","""1vCWHaC5f2uS3yhpwWbIA6"""
"""4PeZu0It7qVrTG40t3HM9A""","""07YZf4WDAMNwqr4jfgOZ8y"""
"""2Auw0pTT6EcQdvHNimhLQI""","""04gDigrS5kc9YWfZHwBETP"""
"""5p3nTBqh8WCoQfRDAaVp68""","""3FfvYsEGaIb52QPXhg4DcH"""
"""5M8gr5RV2eR6UkztC69ogB""","""0BvkDsjIUla7X0k6CSWh1I"""
,
"""5NG7WZaCZZ12M5LJm0JcVc""","""3b8QkneNDz4JHKKKlLgYZg"""
"""2bbhW5ifCwOYM8DMkqoYBF""","""5Pwc4xIPtQLFEnJriah9YJ"""
"""5kdGRd8zK6m135zrjwG6il""","""5q8HGNo0BjLWaTAhRtbwxa"""
"""4JlzEvVJqpb62Xwc0EmOHr""","""4obzFoKoKRHIphyHzJ35G3"""
"""02ae5i5UAoFrt2peVox9Xd""","""0kkxsdcaWmWU2yWAqclDh4"""
"""55HXtmTsfepv0mY9vIIFhi""","""60d24wfXkVzDSfLS6hyCjZ"""
,
"""2R5PAxygJ4YeRuSwoalKam""","""3grHWM9bx2E9vwJCdlRv9O"""
"""7lpbyGc4fHsQkBTsfWVBhp""","""2Sqr0DXoaYABbjBo9HaMkM"""
"""4xkM0BwLM9H2IUcbYzpcBI""","""77SW9BnxLY8rJ0RciFqkHh"""
"""0V7c0hnrLUFJyHNtjiAT2E""","""2kucQ9jQwuD8jWdtR9Ef38"""
,
"""3dfI9hHNfOeLKtYbk6HIXR""","""3fMbdgg4jU18AjLCKBhRSm"""
"""5FoxaIGIRuXsbhZhwdfknU""","""7x8nK0m0cP2ksQf0mjWdPS"""
"""5MQBzs5YlZlE28mD9yUItn""","""6jJ0s89eD6GaHleKKya26X"""
"""1JHNRou038CfCC0RZztDz8""","""32WkQRZEVKSzVAAYqukAEA"""
,
,
,
,
"""2LkWHNNHgD6BRNeZI2SL1L""","""5Rl15oVamLq7FbSb0NNBNy"""
,
"""71C65HI7THrlkpHHa24YJX""","""58R5LHkK3vkmEyGUPOR5kS"""
,
,
"""59ePhOhLFvSOFG4L5FRGzp""","""1n2pb9Tsfe4SwAjmUac6YT"""
,
"""2LkWHNNHgD6BRNeZI2SL1L""","""5Rl15oVamLq7FbSb0NNBNy"""
"""4xak0izXQHOMV9Wu1mDAAy""","""2qxJFvFYMEDqd7ui6kSAcq"""
"""2UJwKSBUz6rtW4QLK74kQu""","""6vWDO969PvNqNYHIOW5v0m"""
,
"""5OkxLN5XaE9rLbgK2FuKBE""","""3TVXtAsR1Inumwj472S9r4"""
"""2XIhZ9IjqoIN5V6dfKHzCn""","""5Zq7R5qmi58ByYyBQTlNuk"""
,
"""3RDqXDc1bAETps54MSSOW0""","""5YGY8feqx7naU7z4HrwZM6"""
,
"""1xn54DMo2qIqBuMqHtUsFd""","""6eUKZXaKkcviH0Ku9w2n3V"""
,
"""2gKQvajkEEaDtkqJ8FJ4uw""","""6PXS4YHDkKvl1wkIl4V8DL"""
"""2Auw0pTT6EcQdvHNimhLQI""","""04gDigrS5kc9YWfZHwBETP"""
"""3mNoFlD1wsoXfkljfFzExT""","""6DIS6PRrLS3wbnZsf7vYic"""
"""2QJmrSgbdM35R67eoGQo4j""","""06HL4z0CvFAxyc27GXpf02"""
"""5nYi5TJ16E7Qt73zxOu6sP""","""7juKTDFlPesGeWQ1GmjmOv"""
"""61Ba3txRZWfiX6ZTEZlFCV""","""1Xyo4u8uXC1ZmMpatF05PJ"""
"""0P3oVJBFOv3TDXlYRhGL7s""","""1Xyo4u8uXC1ZmMpatF05PJ"""
"""1QwWTLYn9dntAj7l9FRJwY""","""5MouCg6ta7zAxsfMEbc1uh"""
"""0P3oVJBFOv3TDXlYRhGL7s""","""1Xyo4u8uXC1ZmMpatF05PJ"""
"""5nhoVKDcCXvi3AruUFJWnv""","""0X2BH1fck6amBIoJhDVmmJ"""
"""04E0aLUdCHnhnnYrDDvcHq""","""2FXC3k01G6Gw61bmprjgqS"""
,
,
"""59eUYETmE1zi31ESb3SUkI""","""07YZf4WDAMNwqr4jfgOZ8y"""
"""2QJmrSgbdM35R67eoGQo4j""","""06HL4z0CvFAxyc27GXpf02"""
,
"""0mFDIOqypzHp6Xd0el1hoT""","""3QLIkT4rD2FMusaqmkepbq"""
,
"""5W98Ab4VvQEuFEE4TIe5fE""","""6JL8zeS1NmiOftqZTRgdTz"""
,
,
"""0XUNG1cssmwHh22loRqKdJ""","""2oX42qP5ineK3hrhBECLmj"""
"""2Jg7JZ0ZXOGje1bkq7CVgK""","""2wY79sveU1sp5g7SokKOiI"""
,
"""2Gf7TGoOt6FyRi7p32OzUM""","""6JL8zeS1NmiOftqZTRgdTz"""
"""34OkZVpuzBa9y40DCy0LPR""","""06HL4z0CvFAxyc27GXpf02"""
"""40GMAhriYJRO1rsY4YdrZb""","""3TVXtAsR1Inumwj472S9r4"""
,
,
"""6Fr2rQkZ383FcMqFyT7yPr""","""1uNFoZAHBGtllmzznpCI3s"""
"""1xn54DMo2qIqBuMqHtUsFd""","""6eUKZXaKkcviH0Ku9w2n3V"""
"""1Eo1pg2D4beFgf3HFTJTMc""","""4dpARuHxo51G3z768sgnrY"""
"""6sUOosXuYt0oUeczJRbedZ""","""7n2wHs1TKAczGzO7Dd2rGr"""
"""6PWOoUFSBplEbRfCAps5Db""","""4NHQUGzhtTLFvgF5SZesLK"""
"""4G4Azv5cwPBv3vCA0mD6ei""","""4Rxn7Im3LGfyRkY2FlHhWi"""
,
,
,
,
"""022DrG7Wp2PSCwzuD0bSzT""","""4UXqAaa6dQYAk18Lv7PEgX"""
,
"""0V7c0hnrLUFJyHNtjiAT2E""","""2kucQ9jQwuD8jWdtR9Ef38"""
"""2Auw0pTT6EcQdvHNimhLQI""","""04gDigrS5kc9YWfZHwBETP"""
,
"""4S8F794ucXJcAtycwOZgR9""","""5pKCCKE2ajJHZ9KAiaK11H"""
"""236GZxcyha7tPOExcuFFBK""","""5lHRUCqkQZCIWeX7xG4sYT"""
,
,
"""6FdNvoO5sF4EKwCX9je1MH""","""5WUlDfRSoLAfcVSX1WnrxN"""
"""3HV3ecmJJ2GmHM93vVVKXF""","""6S2OmqARrzebs0tKUEyXyp"""
"""7A8fZ2jjiu5heq7wNCutKN""","""3NPpFNZtSTHheNBaWC82rB"""
,
,
"""2QJmrSgbdM35R67eoGQo4j""","""06HL4z0CvFAxyc27GXpf02"""
"""2Jg7JZ0ZXOGje1bkq7CVgK""","""2wY79sveU1sp5g7SokKOiI"""
,
"""022DrG7Wp2PSCwzuD0bSzT""","""4UXqAaa6dQYAk18Lv7PEgX"""
"""2UJwKSBUz6rtW4QLK74kQu""","""6vWDO969PvNqNYHIOW5v0m"""
"""78GeZ5IA1KSbI0MiR4bAhH""","""0C8ZW7ezQVs4URX5aX7Kqx"""
"""49lwR8y1i51wrQRnhw5C3H""","""3CygdxquGHurS7f9LjNLkv"""
"""3pKTKC0AAe3yTcXQLzvpSW""","""2iojnBLj0qIMiKPvVhLnsH"""
"""1gMxiQQSg5zeu4htBosASY""","""4AK6F7OLvEQ5QYCBNiQWHq"""
,
"""6EVYTRG1drKdO8OnIQBeEj""","""66CXWjxzNUsdJxJ2JdwvnR"""
"""4G4Azv5cwPBv3vCA0mD6ei""","""4Rxn7Im3LGfyRkY2FlHhWi"""
,
"""6eDx949ONWDCN0O22wFZf7""","""7iZtZyCzp3LItcw1wtPI3D"""
"""5S9b8euumqMhQbMk0zzQdH""","""10exVja0key0uqUkk6LJRT"""
,
"""0B4eikFaUJcf3hc6DaSVov""","""3bhu7P5PfngueRHiB9hjcx"""
"""5W98Ab4VvQEuFEE4TIe5fE""","""6JL8zeS1NmiOftqZTRgdTz"""
,
,
"""47C7w4o1resDhr7jvYEpxE""","""4NHQUGzhtTLFvgF5SZesLK"""
,
"""0sFq10gbnEw519SPeozbaY""","""1Zatb2YN4erBOoSivOXc0o"""
"""3ONhXhn7uDBCAW3Jy6lQFX""","""2gsggkzM5R49q6jpPvazou"""
"""0vrWqbRQEMKqhTGcDLQK7x""","""2wY79sveU1sp5g7SokKOiI"""
,
"""7gwea2T59UsWZZLIM1nLon""","""3GsIlcwgQDJVjHD82mbA0Z"""
,
"""0V7c0hnrLUFJyHNtjiAT2E""","""2kucQ9jQwuD8jWdtR9Ef38"""
,
"""0WtCqmpVN7rRGfDMSWSXBA""","""0BvkDsjIUla7X0k6CSWh1I"""
,
"""7L4ZwpSwKQCerDQv9C4O1M""","""2ysnwxxNtSgbb9t1m2Ur4j"""
"""6FdNvoO5sF4EKwCX9je1MH""","""5WUlDfRSoLAfcVSX1WnrxN"""
"""7oKtXc3FkeOZTCB88YugON""","""3BmGtnKgCSGYIUhmivXKWX"""
"""1xn54DMo2qIqBuMqHtUsFd""","""6eUKZXaKkcviH0Ku9w2n3V"""
"""6MAEuDumUgxsWaEWA6lddg""","""7nDsS0l5ZAzMedVRKPP8F1"""
"""3rDbA12I5duZnlwakqDdZa""","""2wUjUUtkb5lvLKcGKsKqsR"""
"""7l4LGPXk2mB80WgXy4VeuB""","""33W1pnW9zScZtYTnAoWnOT"""
,
,
"""4gCNyS7pidfK3rKWhB3JOY""","""4AK6F7OLvEQ5QYCBNiQWHq"""
"""79qV4McLzhs8U3FyRKnocz""","""3TVXtAsR1Inumwj472S9r4"""
"""4dwsyenCENU1FwKZXh0Ech""","""7CajNmpbOovFoOoasH2HaY"""
